14091009, 14101122, 14112003, 27000582, 25111048, 15004041, 14091006, 25120016, 22170001, 15242005, 15130006, 27200924, 22111004, 14863008, 14831009, 10132002, 23132068, 14900009, 10201002, 23113003, 11511084, 27300273, 21700018, 14596019, 14121012, 22030005, 27300279, 27300282, 22002239, 23113025, 10110017, 10136005, 22120005, 22040007, 25112012, 14121037, 15005006, 27002573, 22008012, 24000333, 27002194, 25101011, 27410002, 27410001, 14834007, 22171004, 14834008, 22130007, 14903003, 14402009, 22172000, 14834017, 30380002, 30380003, 22103010, 10119019, 10119020, 27000556, 11020014, 14092014, 10401008, 14860017, 14092013, 10300019, 14835060, 22102005, 14092017, 14092015, 27410044, 27000573, 22102014
25111045, 27000581, 24101000, 22601000, 20103019, 20121037, 27410000, 20014001, 25101044, 14121013, 14900021, 14750041, 14831034, 14830045, 22102014
11501060, 15200007, 14837004, 14533004, 15110035, 15130009, 14570011, 23121052, 15130013, 15114015, 22036000, 23132068, 24111015, 14260008, 15130027, 15114033, 24110003, 22600000, 22802001, 23130076, 22671068, 14770017, 30380003, 14636004, 14636010, 14770027, 14636014, 14534001, 15110003, 11501048, 23131002
14721026, 11230215, 11205000, 30320011, 11300121, 22020008, 14826024, 15130035, 30233016, 11231043, 11231044, 14830021, 11301065, 11233108, 11300182, 11300057, 11303131, 11220060, 14903006, 30380002, 14860020, 27000574
22036000, 10110025, 23110155, 22036007
34713026, 27000581, 25111048, 27410003, 25101044, 15242003, 27210006, 27410007, 27200924
14243008, 14075010, 30380002, 14851012, 14060006, 14052010, 14722095, 14722096, 14082002, 14054002, 14092063, 14722036, 23110009, 15139003, 27100542, 15110015
22500001, 30380002, 15010018, 30380003, 14830021, 14750056, 10133001, 30541005, 10152017, 11521012, 15230004, 10300021, 10151000, 15110046
23120001, 23134003, 30380001, 27000574
11532035, 10000005, 10000006, 15115013, 14721034, 10000016, 14811025, 11104021, 14655001, 15242009, 14831001, 15110044, 27200924, 15231004, 10310047, 14804000, 14831009, 15402019, 22020006, 14900011, 14905003, 14510003, 14270003, 11044019, 22035000, 27002169, 27300282, 27002554, 15110076, 14830013, 15469003, 27002572, 10312015, 14100051, 14100052, 11111001, 14903002, 15469020, 14402013, 14015070, 14903006, 15469024, 14300001, 30380002, 10119138, 10119139, 30541025, 10002022, 22001000, 14636009, 11303146, 15202028, 10001006, 24220016, 10001008, 14833011, 24220021, 10150006, 23110009, 15243003, 11231100
27410000, 22030005
10119138, 30380003, 10140002, 14140210, 15115003, 14120031
23120001, 14080017, 40000674, 22020006, 22601000, 14905000, 15503022, 15022002, 15130035, 15022003, 40000700, 14105024, 11502024, 22008012, 27410000, 14222033, 14222034, 22008019, 30380002, 30380003, 32316004, 14753009, 14822002, 22102006, 27100542
10001008, 10002003, 27000582
10150016, 23120001, 14091011, 11501060, 14352016, 15004051, 15115028, 27400855, 15004055, 23121052, 23132063, 15115043, 14091046, 15004071, 14091047, 14121001, 14862007, 14031031, 14131023, 27410003, 27410005, 14013026, 24011110, 14082023, 14076012, 23110001, 23110006, 14001018, 23131002
23120001, 30380003, 10141042, 27410005, 10119061
11531010, 21400004, 25005060, 11521015, 27002167, 32143002
10119075, 23132068, 30380003, 27000582, 30340036, 11521012
11531011, 11054086, 11056009, 15004045, 14661007, 15242005, 15605013, 15231005, 22036000, 11056041, 27200938, 11056043, 14596013, 15230002, 22035000, 27002169, 22002240, 14072004, 27002440, 11300175, 14013009, 11300180, 22008020, 11054048, 14630003, 25101044, 22007031
27002560, 22036000, 22020002, 30380003, 30380002, 10310021, 10300006, 22036007, 14774022, 10310042, 14861008, 14860017, 25120016, 11312020, 22631002, 14750041, 22630010, 27002555, 22111004, 22002239
11500065, 14863009, 14520003, 21801125, 27300281, 25100108, 23110190, 27410000, 24401008, 15119001, 15114003, 25101044, 14860021, 22610103, 11111001
14222008, 14100057, 14091088, 14100053
15263000, 23110001, 23110005
15112000, 23110009, 30380003, 23110007
22111008, 40000675, 14084004, 23132068, 14407015, 22004008, 15113000, 14082026, 22008009, 22103001, 22007005, 25121022
11532036, 10112005, 11303055, 31023001, 10111002, 23132063, 11500065, 14010017, 15130027, 11230132, 15503029, 11230133, 14073020, 15000008, 14074059, 22008012, 22802001, 14013011, 11011028, 30380002, 30380003, 14060002, 23110007, 11501048, 23131002, 15115003, 22102014
11141002, 14014036, 14525018
22002240, 30380002, 25120035, 27000007, 23132072, 15110026, 15110027, 15114003, 22102005, 15130006, 15114015
10112000, 30380002, 30380003, 15019012, 14092068, 11231075, 11220008, 14092042, 14092043, 14092044, 14092045, 11200010, 15110031, 15114000, 14092022, 15110015, 14092059, 14092063
32316035, 11501065, 32416009, 11501068, 14661006, 14917010, 14722066, 15402007, 27400855, 15114015, 14596015, 15022003, 14121012, 27002169, 24010812, 15000007, 14050017, 30380002, 14050022, 15110001, 15115001, 15115000, 23110009
30380003, 10141029, 10300037, 11057177, 14092039, 10435023, 10501054, 10300084, 32736022, 10435033, 14231002, 14090042, 10435038
25111045, 25111048, 15200009, 14831017, 14900015, 25101044, 14594007
22600000, 27002560, 27002561, 30380003, 23132068, 23112032, 27000582, 22111004, 22101000, 25111048, 15242026, 11110046, 27002558, 23110187, 23110001, 25101044, 22102005, 22103001, 27200924, 22102014
10008003, 30380003, 14722053, 10002007, 14143002, 14130044
22002240, 14300007, 22601000, 22008009, 22000009, 22702006, 22500022, 22701014
15119000, 30380002, 22036000, 24101006
15202080, 21700003, 30380003, 27002169, 14802056, 24403017, 24403018, 22021005, 24000335, 24401008, 23134003, 27002167, 23110009, 24111002, 27002173, 23131002, 15202079
22020002, 34363011, 11521062, 11052009, 10141014, 11044023, 15235001, 23131002, 11051003, 30511006
10141025, 30380002, 32416010, 10141026
27300273, 15130027, 25110012, 27000582
27000576, 27000582, 25111048, 25120016, 10000016, 27200924, 23132061, 22036000, 25120036, 15113002, 27300273, 22000049, 40000700, 10008008, 25100108, 27002573, 27002575, 27410002, 25101011, 27410003, 27410005, 20121056, 30380003, 10140008, 15110002, 10002034, 10501112, 23131002, 27000574
40000676
14928006, 25120014, 15110032, 25120016, 15119001, 23132068, 14842024, 14873001, 22111026, 24010809, 10131002, 10131001, 15110079, 15110080, 14243008, 24010819, 24010823, 22008020, 14082014, 22671073, 15116003, 22001000, 22034026, 14750061, 10001007, 27400061
11250000, 11111001, 15405002, 10140005
27410000, 23113019, 15111003, 27200924
27000576, 22671073, 22036000, 22020002, 25120036, 25111045, 25111048, 22100010, 25111021, 25120016, 27300273, 25101011, 22021268, 25101044, 27210006, 25101046, 22035000, 15119001, 22111004, 22000029
14092060, 27000582, 25111048, 22034026, 15114000, 15202002, 15115028, 27400855, 15115003, 27200924
11300129, 14020003, 11303081, 27300273, 11044019, 14022003, 11501077
32143000, 10501081, 10300025, 10501054
30380003, 15116003, 15130006, 15130009, 15110012
25111045, 22101001, 25111051, 22030008, 22111004, 22102014
30125050, 30380003, 30380002, 21801125, 14216006, 25111048, 14943019, 27002573, 27000574, 27410000, 27410001, 27410003, 25101044, 14205012, 27400158, 27400855, 23131002, 27000573, 27100542
10132002
22020002, 21021059, 22101000, 14750025, 30357001, 22172008, 22130000, 27410000, 10502005, 14860025
10132001, 15113000, 15110026, 27410000, 27410002, 27410003, 15130013
11200038, 14112011, 14092011, 15139022, 15202078, 10002038, 27000574, 10131007
22035000, 24010809, 24010819, 24011096
27300274, 24011019, 22102005
27000576, 27000581, 27000582, 14802056, 15114000, 22170001, 22010005, 15242009, 15114014, 22020004, 22020010, 22000049, 23134003, 22030005, 14820029, 22002239, 22035009, 22002242, 23113027, 14721097, 23112013, 27410000, 22130000, 22103001, 31021022, 22500072, 14812009, 25101044, 27410044, 22102014
27000576, 27000581, 27000582, 14802054, 22101001, 24011018, 15114000, 14906001, 25130010, 15114014, 22036000, 25120036, 22020010, 22041007, 23134003, 22030005, 22035000, 22013004, 27410000, 22102000, 25101044, 27410044, 22102014
15320001, 22103010, 30380003, 27000581, 14836013, 22170001, 27410002, 22102001, 22103007
10141025, 30380003, 10117000, 24011017, 14721038, 22102005, 10002007, 27300281, 10110012, 10002046
22100000, 22800001, 22036000, 30380003, 15000007, 23110009, 22103004, 27300281, 22102000, 15110001, 27300274, 15242002, 27300276, 15119001, 24010809, 23113019, 22103001
27000582, 22821000, 15200008, 25111048, 14800015, 25120016, 15242002, 15242003, 15605016, 15114015, 27100542, 25120036, 27201062, 22500022, 14222023, 11533006, 22034000, 22008021, 15202017, 22172004, 10141030, 11522023, 14230000, 23110001, 15115003, 14721022
27000576, 10119040, 10132001, 10000006, 10113007, 27410000, 10132017, 10141042, 10141021
23110144, 27000582, 14722071, 27200925, 10116000, 10150048, 10150049, 27200938, 10110000, 11044024, 14051004, 11300157, 10008001, 14733000, 27410003, 11522004, 10002005, 10130006, 14071000, 10119137, 10119139, 10135014, 10002026, 23110005, 11057021
30380003, 10200004, 23132068, 40000675, 25111048, 15115002, 15114000, 14200051, 15130035, 27410042, 27300282, 15110013
14070019, 22005000, 14584072, 15110035, 14811027, 10400038, 11531053, 15114031, 15130036, 22035000, 15605059, 14861002, 14541005, 30380002, 30380003, 22001006, 10141040, 14860017, 10141042, 22630010, 15202044
23120001, 27000577, 30320004, 24011018, 25120016, 14021010, 22111004, 22035000, 27002173, 27002182, 14073041, 33026002, 30380002, 34631010, 14013029, 30444005, 14076009, 24220019, 14022004, 11521012, 25101046, 27100542
22671073, 30100002, 23132068, 25111048, 27410000, 25101044, 27410005
15100000, 30380003, 32917000, 32917001, 15149001, 30500027
23120001, 30380003, 14222022, 14814026, 23113003, 14253005, 15110001, 14013010, 14013009, 15130010, 27002555, 15231005
15004032, 14092023, 30304012, 14091028, 14080020, 15029014, 15029015, 15029016, 14080027, 15110044, 15242016, 14092074, 14092075, 23113005, 15240001, 14722001, 14530013, 10141025, 30380002, 22007031, 14722044
34133016, 11301113, 14844029, 11241062
27000576, 22671073, 30380003, 30503014, 27300273, 27410003, 15130006, 15110008, 22030011, 14021023
14710009, 10119013, 23110009, 24101006, 22102000, 22111026, 27002167, 27002264, 15119001
11533026, 15200008, 27200938, 15202007, 15110043
34304010, 15114001, 15130009, 14800027, 10100003, 15433003, 15130027, 23113003, 14836014, 15433007, 27300274, 15029047, 24010809, 23113024, 27240000, 11502024, 11230290, 11303134, 30380002, 30380003, 14754022, 15115000, 23110009
25120036, 25111045, 27030020, 25111048, 15130006, 27200924, 15004028
27000576, 14054018, 30380003, 30380002, 27000581, 25111045, 10141080, 10133001, 10152013, 27300273, 10132017, 14015089, 10141044, 10130008, 27410044
23120001, 30380003, 25005060, 25111045, 27000582, 14082024, 10152013, 23110190, 20110008, 10132017, 27410002, 23134002, 15114037, 22071000, 25121022
14092064, 10141090, 10002019, 30380003, 14091047, 14092073, 10141012, 14092059, 10119133
30380002, 30380003, 24011018, 24401037, 27410000, 15115026, 27410003, 15130006, 27200924
14863009, 30380003, 10000006, 24010823, 22001000, 27002558, 24401036, 25120014, 10000015, 15114031, 14820013, 22671058, 10000025, 11301146, 27410044, 11301150
10132001, 14090017, 14082023, 14076009, 15110000, 10130001, 10132019, 14721044, 14731001, 23142038, 14077014, 23110009, 23131002
23110144, 14215010, 14234000, 14242003, 23134003, 14222008, 14231003, 23132063
24100000, 30380003, 30364004, 14815013, 22005000, 14811004, 15605064, 14843019, 22170001, 27300273, 22008020, 22102005, 11504023, 22631002, 15110043, 22111004, 27200925, 22102014, 15114015
27000033, 22180002, 14802019, 22180003, 22111004, 23132068, 14831012, 14833003, 14820016, 14750003, 22171000, 22171004, 22102014
14593008, 27200924, 10141044, 14593014
10119136, 11110050, 10141021, 15130013
22005000, 22101001, 22021276, 22111004, 22111006, 11110046, 22100000, 22100001, 23132068, 22111012, 21801125, 22601000, 22100010, 22190000, 22111031, 14830021, 20121037, 22610002, 22850005, 22103001, 22103003, 22103004, 22103005, 22172003, 14802020, 25101044, 22102006, 14833015, 22102009, 27100542
21021065, 24101003, 15110029, 24101006, 22602000, 14714001, 22100000, 30634017, 25120036, 22601000, 22190000, 22622000, 14830005, 22500022, 22111031, 27300278, 14222013, 14275012, 15501000, 21011027, 30380002, 22103011, 22001006, 27400047, 22102000, 21021043, 25101044, 22603000, 22102013
22002240, 22103011, 11110052, 27000581, 22601000, 27002190, 23110001, 22111031, 22630009
15200004, 15200007, 14661000, 14661001, 14661006, 15114000, 14661015, 15503001, 14655002, 15114015, 15202080, 15004064, 14916000, 15004067, 14644000, 14863009, 14916005, 11110050, 14905000, 14721071, 14654000, 22830002, 14721076, 23113019, 14830013, 14830016, 30131008, 11210050, 15101005, 22701009, 14830034, 22802001, 14663000, 30380002, 22671077, 14636007, 14636009, 15004010, 14636012, 15004015, 14860017, 14870001, 23110009, 22603002, 27100542
27410044, 10119008, 15119009, 30380003, 10002019, 25100108, 10002031, 27410000, 15110033, 15110002, 10150004, 14515001, 22030008, 10109017, 23130012, 27000574
30380001, 30380003, 10141045, 27410044, 11222046
15200007, 15435002, 15110033, 15402007, 15119001, 15110043, 22111004, 15263009, 14405027, 22111012, 21801125, 14276006, 15433002, 22100010, 10401071, 20014000, 20014001, 14654002, 27300274, 22500022, 22111031, 20110014, 14530013, 30380002, 30380003, 10141026, 14300008, 22102000, 15430000, 25101044, 25101046, 14833015, 15323002, 22102014, 14721023
14091073, 30380002, 40000675, 15114012, 15139014, 27000582, 25111048, 11054088, 11501099, 11052016, 23142001, 27410003, 10141044, 27400855, 27410044, 27000573, 14092063
11533059, 25111048, 11302034, 15114008, 15119008, 10100003, 15140008, 10119083, 10119085, 27300273, 14721083, 11300168, 11533007, 27410000, 25100113, 36030039, 22130016, 30380002, 11110004, 10141048, 23110009
30380003, 22101001, 27002572, 10150004, 10141044, 22007031, 27300282, 27002555
23110144, 23110009, 11200043
11022080, 27000576, 11110050, 15202001, 15110001
27000576, 25111045, 25111048, 25111051, 27400855, 22511001, 15110044, 15130012, 27200924, 15130015, 15114015, 15115044, 10501054, 27400126, 15139018, 22008012, 27410003, 30380003, 10141030, 10141047, 23110009
30448023, 11250018, 22103011, 30380003, 11231171, 27000582, 27000581, 27200938, 14409039, 27410001, 22000049, 27300273, 23110001, 22102005, 27410005, 27400855, 14400021, 27000573, 27200925
14052002, 30380003, 14091012, 15130027, 14090007, 14033073, 11212018, 14054002, 14022004, 14080020, 30011028, 11300183, 14223001, 14092060, 11230111
25111048, 25111051, 10000011, 10150032, 10150033, 14080017, 14080018, 27200924, 10502044, 22020006, 27200170, 14900010, 14900012, 14900016, 14905010, 27410001, 10141012, 14903003, 30380002, 30380003, 10140002, 23110007, 10141049
22671073, 27000582, 25101011, 25101046, 25110012, 27200924, 27000573, 15110015
30380002, 27000581, 15115046, 27200938, 25120016, 25101044, 15130010, 15130012, 15130013, 27002559
24010885, 15110031, 25120016, 22021268, 15130010, 22020006, 22601000, 15130031, 36035002, 25121022, 14750029, 25101011, 14750040, 11301088, 30380001, 30380003, 27000573, 22102005, 25101046, 14860025, 27410045, 27100542
22850004, 25101044, 15343000, 27002169, 25405948
15004064, 15004066, 15503043, 15503044, 10300030, 15110031, 15262000, 15262002, 22102005, 23110009, 15114010, 15263006
25120016, 24000377, 21021043, 23142012
10152005, 10310054, 27000582, 10501069, 27002573, 10300080, 27410000, 27300273, 27410003, 10501076, 32736022, 27410044, 27200925
27000576, 14000005, 14092044, 25120016, 10000017, 14021014, 27400855, 32316056, 14111001, 11057177, 15130013, 25120036, 15115046, 11531047, 14132011, 10110000, 14222009, 14132025, 27410001, 27410003, 22008020, 30380003, 11022055, 11020008, 15110014, 30321011, 27000573, 27100542
14802055, 10300042, 14013010, 15502038, 15502039, 27002269, 15503038, 15503039
23120001, 30380003, 14052010, 15130027, 15130035, 15242007, 15450010, 11300124
15503040, 14203009, 11221024, 15402018, 30380003, 15503041, 23120001, 15110080, 15114031, 15114032, 23110193, 15110031, 23134003, 23110007, 22035000, 23110009, 23131002
25101002, 27410000, 22102005, 23110006, 23110007, 23131002, 23121052, 22102014
15110000, 22020002
23120001, 27410000, 14721079, 23110009, 27300282, 22030011
10150016, 10116032, 10140002, 10000005, 10000013, 10002033, 10000025, 14121021
23120001, 14802052, 22101000, 14721037, 24101006, 21801107, 30202006, 23110174, 22036000, 14842016, 14841005, 22000049, 27300274, 14846015, 22120005, 22621002, 34120011, 34226008, 34220001, 15410019, 22172005, 22671078, 22172008, 34220016, 14407024, 22102014, 14593023
14090005, 14090006, 15114006, 15130013, 11103006, 15114031, 33060018, 22035000, 30323001, 14094012, 14091073, 10114004, 30380003, 23110001, 25101044, 14860021, 22102005, 14092021, 14721020, 14721021, 14721022
25111048, 27002169, 25101044
15440002, 22021260, 22101006, 22602000, 15114013, 15110046, 14092064, 10119075, 22601000, 30131006, 22600000, 14275020, 22610000, 22610002, 22601044, 24011099, 27400289, 30380002, 30380003, 22671077, 22603000, 15115004
10141042, 11057029
25120035, 25120036, 25111045, 25120016, 25101011, 25101044, 25101046
14261001, 27000582
15130010, 15130027, 22001013, 30380003
30380001, 14914007
27000576, 14131009, 30380003, 14091077, 27000582, 15114033, 15230001, 14209014, 23135031, 14120031
22172000, 24010000, 25101011, 25101044, 22102005, 25101046, 22130007, 15202044, 14771007
25111048, 25101044
25120016, 25130010, 14916005, 22500022
14860025, 27002194, 14010011, 23132068
25111045, 27000582, 27000581, 10137009, 27410002, 27410003, 27300273, 27410005, 27400118, 10131000, 15115037, 27100542
27000576, 30380003, 10150019, 10150021, 10150022, 32416009, 14141035, 15115003
30380003, 10140006, 15130027, 22040011, 15110001
15004024, 22036000, 15104011
22002240, 14834017, 22036000, 27002176, 21801125, 22101000, 14710025, 27002186, 24101003, 24010380, 14750001, 24220050, 22500022, 27002167, 22102014
30512032, 30512034, 30380002, 15115003, 30512037, 30840005, 14300038, 14300008, 14222018, 14300043, 30448014, 14074000, 14222033, 30723003, 30723007
30380002, 30380003, 23110186, 10132017, 10141042, 22007031, 22030008, 23110009
22002240, 22036000, 27000576, 22671073, 10310052, 27000582, 25111048, 25012012, 27000013, 14832019, 25101044, 22102005, 25101046, 22111031, 24000372, 27100542
27410000, 15114013
10141025, 22036001, 23113027, 30380003, 15202049, 22111012, 22103003, 15113000, 14092075, 24101006, 22010032, 15114033, 27300273, 22008020, 15202037, 22701014, 15110071, 14205014, 22603002, 14205019
30380002, 25111045, 25100108, 25101044, 23110009, 22021276, 22102014
22002240, 20121056, 14844033, 40000675, 30380003, 25111048, 14847017, 10141000, 14843023, 14843025, 15110003, 15230004, 15110036, 15250004, 15130006, 22035000, 15115001, 15111002, 15231004, 23110007
10141080, 14722098, 27000582
24011017, 14342003, 24010380, 15110030
30380002, 30380003, 40000675, 27000581, 27200938, 25120016, 27002194, 27410004, 22111031, 23110009, 27410044
21001186, 22020002, 24101003, 25111051, 25112014, 24220016, 25101044, 27410005, 22500022, 15339001
22036000, 15202002, 15130013, 27000582
27000582, 11531047, 25111048, 27200938, 27410000, 27410003, 25101044, 25101046, 27200924
15130034, 27000582, 25101046
10500024
27000576, 27000581, 27000582, 25101044, 25101046, 25130010, 30000060
30380003, 10112004, 10131021, 23134003, 22110004, 23110005, 15130009, 23131002, 10130013, 21801119
11501088, 30515009, 22600000, 10141030, 15113000, 15004044, 25012012, 11501070, 14750062, 27410000, 14076017, 30820046, 15000051, 25120016, 14082037, 22102005, 11104024, 22111001
30012002, 25120036, 25120016, 27000573, 25121022
27300273, 25101044
23132068, 15212006, 11303081, 14721036, 10001007, 14830000, 15001009, 23134002, 23110009, 27200924
25120016, 25111045, 25101046, 27000582
30380001, 11533029, 23110004, 25101044, 15004029
22036000, 20121061, 14596010, 20121037, 15230001, 22008021, 14054074, 22103003, 22103004
22172000, 22036000, 15232003, 15200007, 22101000, 22101001, 22034026, 22001003, 22102000, 15230004, 22103001, 22102014
14000001, 14000002, 11220042, 14860017, 14013010, 23110001, 15603061, 15202044, 23132061, 14010014
22036000, 22103011, 30380003, 25111045, 22111004, 23132068, 24012008, 22101000, 22170001, 22102005, 15130006, 22500022, 10300021, 15114009, 14831002, 27200924, 22102014, 22002239
15130027
22100000, 22630049, 22601000, 22701003, 14121041, 10701010, 22630002, 22850004, 22702005, 22630009, 22630010, 22103005, 22102014
10140002, 11110053, 27300273, 27410002, 23110009, 15202044
14120012, 14120013, 27410000, 22100021, 23110009, 27100542
22111008, 30380001, 14000002, 30380003, 14000005, 14000006, 14772011, 25120014, 22610000, 27002163, 25101044, 27002169, 14010011
14770025, 15110028, 10119086, 24010384, 14750001, 15130006, 30202204
14080020, 15202070, 14010011, 14010012, 15231005, 15114014, 10119075, 15130027, 11221037, 11300016, 14121013, 14082003, 30380002, 30380003, 11230180, 15202021, 14082022, 15202022, 15202030, 23110001, 23110009, 15211004
14120000, 27000582, 10141039, 27410003, 10130006, 27200924
22600000, 22036000, 30380002, 30380001, 23132068, 14812005, 14802052, 22671076, 25112008, 14530015, 22008012, 11303121, 27300273, 25101044, 25101046, 22103001, 22102014, 22002239
27000577, 14200076, 22000014, 14630000, 14203025, 15130037, 22030005, 14721017, 22003002, 22040157, 22002239
22036000, 30380001, 25111045, 27000582, 25111048, 25101044
20121056, 30380001, 15111010, 15120005, 15121001, 11532042, 15110031, 23110001, 15110035, 15502037, 23110009, 14570011
10150018, 15120005, 24010823, 15121001, 15111005, 15120015, 30202003, 30903059, 24000373, 15110079, 15459037, 15115007
22900001, 22034026, 24101005, 11200046, 14092062, 27410000, 23110001, 23110009, 11235002, 23121052, 23131002
22600002, 14802054, 24101002, 24010380, 22500022, 21021020, 22102012
27002176, 10150016, 14261019, 30380003, 22036000, 14010021, 23120001, 23110144, 14232008, 14232009, 14836011, 22671053, 14753019, 22602000, 14860017, 14261023, 22603001, 14073019, 23132061, 14243007
23112032, 27002560, 30380002, 23113005, 15114000, 23110009, 27002555, 15110076, 27000574, 15115003
27000576, 27100542, 27000581, 25111048, 25111051, 27200924, 22102014
22110085, 22101000, 24011017, 10300043, 24010000, 14922003, 14661016, 22111004, 24100000, 24010016, 22111008, 21801125, 14921001, 22132010, 15113004, 21812020, 22030005, 14841012, 11300025, 23113027, 14861002, 33060045, 25100113, 22008019, 14860025, 22130007, 10439002, 14750042, 22120028, 22007005, 22040157, 22102009, 22172000, 14750044, 22001001, 14860017, 10300019, 14860020, 14822004, 22102005, 23110007, 22630009, 22102014
25120016, 27000581, 25121013
30380003, 32917000, 32917001, 25001002, 15605064
23120001, 10133001, 10131017, 10309002, 25012012, 10132017, 10130010, 10435032, 11230266, 27000574
15114033, 23110006, 22500022
23132068, 27000582, 15110028, 27410000, 11056017, 27410002, 27300273, 23110009
27002555, 27410044, 27002558
23120001, 23142001, 23134002, 23110001, 23110009
11301088, 10109026, 15115013, 15139014, 15201001, 15201002, 14112011, 22021260, 14043017, 14043022, 27400302, 27400145, 11305010, 23110007, 23131002, 11222043, 14111004, 14080031
15232001, 15320002, 23113027, 15232003, 22020006, 27201062, 15130027, 15110000, 27300273, 15230004, 14630006, 15202013, 15231007
27000576, 25111045, 27000582, 10119046, 25111048, 22005000, 21120007, 30330002, 30822038, 25130010, 27200924, 15110044, 23132061, 22036000, 23132068, 11500071, 22601000, 27300273, 10201014, 15110071, 10116022, 15110073, 22030011, 14750011, 14750012, 11301056, 10116034, 30360010, 22034000, 27410000, 11240018, 25101011, 27410002, 30600017, 25100113, 22008020, 15110010, 14812003, 14802019, 11241063, 30321004, 14801008, 23110001, 30321008, 15110005, 14822007, 14811002, 15115003, 27000573
30380003, 27000582, 15402032, 15119001, 27410003, 15110004, 15402007, 15110071, 15111001
15434000, 15119001, 15402013
27000577, 11302018, 11521025, 27410000, 22101000, 10150025, 10150026, 25111051, 25111048, 23110155, 31002002, 15130003, 23114004, 10410006, 27200924, 22036000, 11233020, 23132068, 27200938, 15130027, 11300141, 22000049, 15230002, 27300274, 27002436, 27000007, 25112008, 22008012, 20130000, 27400145, 27410002, 27410003, 31021012, 11301076, 27410005, 25101011, 27410004, 22007001, 22130007, 11304031, 27410044, 30380001, 30380002, 30380003, 15410019, 27000034, 23142001, 22102005, 23110006, 23110009, 23131002, 14054011, 10422012, 14054013, 14054014
22002240, 22860001, 10141040, 15110043, 15114013, 23110174
15432002, 30380003, 27000581, 27000582, 25111021, 27410001, 25101044, 23131002, 15433020, 23132063
27000582, 31029005, 27200924, 15110046, 22630049, 23132068, 22020006, 20014001, 15449011, 27002555, 27002562, 25101002, 14861002, 11112019, 15000021, 10141025, 30364004, 14860017, 22171000, 14860025, 30161020
27400145, 14020005
23110144, 11230177, 30380003, 10000005, 23110009, 24101002, 23110155, 15130027, 15209007, 27410000, 23110001, 14209009, 14209014, 22035000, 15130009, 30332026, 23130079
14131008, 10002017, 30380002, 11502025, 10000009, 10502000, 10150003, 14121011
23120001, 25111045, 27000582, 25111048, 22005000, 22101001, 25111051, 24101006, 25120016, 22170001, 10119060, 15242005, 10119061, 30011031, 15343000, 15343003, 27200924, 27200925, 22111006, 15114015, 24010016, 24010017, 14084006, 14074022, 11531047, 22100010, 20014001, 22830002, 27300273, 22830005, 27002558, 22002239, 27002560, 22002240, 22002242, 27240000, 14077001, 27410000, 27002582, 27410007, 27002584, 22103001, 22130011, 27410044, 30380002, 30380003, 20121061, 25101044, 22102005, 25101046, 22171002, 22171004, 22102014
22600002, 22601000, 14710024, 22111031, 22001006, 10141042, 22111028, 22102004, 22102005, 22130007, 22103001, 22171004, 22103005
15200001, 15202002, 14070013, 14070037
11231112, 14132105, 22021009, 30500013, 23134003, 36020024, 10201016, 30510016, 22034000, 27410003, 11533012, 30503001, 10151002, 36030046, 11511008, 30380003, 14076012, 10141041, 15202037, 15202039, 23110009, 23131002, 11041019, 27000574
22800001, 24101000, 22101003, 14661005, 24101006, 15110031, 15115034, 22100010, 27300274, 15130036, 27300278, 27300279, 27300280, 14515001, 22002240, 22840002, 22130000, 22802001, 22040157, 27410044, 22130017, 30380002, 22103012, 22102000, 22102005, 22171004, 22102014
10119043, 27000581, 25111048, 15004055, 22111004, 15130013, 22100000, 22036000, 22100010, 23110186, 27300273, 22702005, 22100021, 22111031, 22035000, 31043005, 23113027, 10109007, 25101011, 15110001, 22102005, 23110007, 15004027, 23142012
23120001, 22621002, 22008011, 22008012, 27200938, 10201007, 15114031, 25101044, 14082037, 15110015
14000001, 14000002, 14091010, 27000581, 23130003, 27200925, 23110175, 22111008, 22036000, 40000675, 22021028, 21801125, 22020006, 22100010, 22000049, 27300274, 23130037, 22500022, 22035000, 14552006, 14403016, 22130000, 14200020, 14130010, 22103008, 22103010, 30444020, 30321012, 22102005, 23110009, 23142012, 22102014
27000581, 15200008, 14722065, 15115025, 15115027, 10401054, 15130027, 15230002, 15242044, 22002240, 27240000, 22600000, 15501000, 27410003, 30380003, 15000048, 10401011, 22102005, 14092022, 23110009, 22102014
15202082, 30380003, 14092068, 14506027, 23112013, 27410000, 10130006, 22870008, 15130010, 15130013, 10131007
30380003, 14130055, 10136007, 10141038, 23131002
15115015, 14092043, 14080016, 14092056, 14092062, 15242015, 23132068, 22020006, 15130027, 20014001, 22035000, 27300282, 14073019, 11220029, 14092094, 22002240, 11230145, 14092097, 27410000, 14092000, 10141025, 30380002, 14060005, 15004012, 14630004, 14092021
10140002, 30420003, 27000581, 27000582, 25111048, 30321004, 30421006, 27410000, 23110001, 25101011, 27300276, 14080025, 22171002, 27200924
15110001, 27000581, 27000582
22172000, 27002561, 22100002, 21021059, 22111012, 21200001, 15000007, 24010823, 22132010, 24010829, 32316016, 22102000, 15130035, 27300276, 22102004, 27002555, 22111004, 22103005
15113000, 22001000, 30321007, 30321008, 22102014
36030048, 25101002, 15202044, 23134002
14000000, 31017018, 30514021, 14839016, 14916008, 14902001, 30514006, 30361018
24010016, 22100000, 21021031, 22172012, 20121037, 23110001, 21021045
27000582, 27410000, 25150001, 27200924, 27400126
27410044, 27000577, 15202018, 27000582, 23110009, 27410000, 14722032, 15130034, 10000016, 23110006, 15110071, 15130009, 27300282, 27200924, 27400126
14721030, 24101000, 24101002, 14721039, 14074001, 31002006, 27200924, 15114015, 11110050, 21700003, 14091046, 31002022, 14020008, 10100010, 23113003, 14052013, 23134003, 31001015, 14074044, 23113023, 15503040, 15503041, 24000335, 22008019, 24403028, 22130007, 14071000, 10103004, 22130016, 22103010, 31004004, 14130022, 24401008, 23110005, 23110006, 22102005, 14721018
27240000, 15115008, 15021031, 15021033, 27200938, 14000011, 14900011, 14520011, 24000393, 27410000, 14905010, 14903006
22130016, 30700001, 22036000, 30380003, 22172007, 14916008, 27410000, 22170003, 22110003, 22102004, 14860022, 14841015, 22500022, 22111001, 11522006, 22103001, 27100542
23120001, 22005000, 22001038, 15130009, 14831015, 22500022, 15110076, 22002240, 14403013, 14721096, 27000012, 27000013, 11301087, 10141025, 14828003, 27000037, 14833003, 34621037, 34621043, 21021052, 22102014
24000391, 14513033, 24101002, 11501065, 30341004, 10000013, 32917001, 14261003, 15104016, 14837009, 15110043, 30447005, 14826025, 30430001, 15230002, 22111029, 11500092, 10131007, 27002561, 24010822, 14845007, 22034004, 22008020, 14754005, 14258011, 14754012, 22007005, 14753022, 30380002, 30380003, 15202020, 22103013, 15202028, 10001008, 24220016, 30337010, 11532018, 23110001, 22102005, 14843005, 14843006
15200004, 11521029, 15200007, 11532023, 20101005, 15115028, 20101014, 27400855, 32736023, 25130010, 27200925, 15114015, 22036000, 11500065, 23132068, 14281000, 11500073, 11500074, 30340012, 23113005, 20014001, 27300273, 22830003, 11500087, 22030008, 14083002, 27300282, 22030011, 27400126, 30515009, 27002435, 27002436, 23113027, 25101002, 14285006, 27410002, 27410003, 15000021, 22071000, 14082018, 30380002, 30380003, 22102000, 25101044, 23110007, 11521016, 22171002, 27400059, 27000573, 22902014
24220016, 22702003, 15115001, 15110071, 15130009, 15114013
10133001, 14091021, 27200924, 14092062, 15114015, 15012007, 10132017, 14260023, 27002555, 14073027, 15000007, 27002575, 27410000, 14091088, 27002194, 27410003, 10130006, 10130009, 15004001, 30380002, 14082022, 14082023, 27000573
15120000, 27000577, 27000581, 15114000, 14837013, 15130009, 27200924, 14863008, 22004008, 10502058, 15130027, 15114033, 15110071, 22035000, 14105020, 25112008, 22008009, 27410000, 27002582, 22671073, 30380003, 27400302, 15430000, 15202037, 23110009, 22102014, 15110015
14802057, 32917001, 22021003, 24010380, 14261003, 24101003, 22021010, 22511000, 15119001, 15119000, 25130010, 22036000, 14831008, 23132068, 10153000, 22601002, 25012012, 14073006, 10201007, 27300274, 22702003, 22111031, 22035000, 14083002, 14563002, 14831035, 15242044, 27400126, 27002174, 22002240, 14840000, 14072004, 14813000, 25101002, 22008011, 25100108, 10152012, 15000024, 14082015, 22172000, 22860001, 30380002, 14082016, 27000033, 22172005, 20121061, 22103010, 14082022, 14076009, 14082026, 10119019, 10119020, 14076012, 30321004, 22102000, 23110001, 15430000, 14076019, 14844020, 22603001, 22171002, 22171004
10435042, 10435043, 14091076, 14091077, 14091046, 14091047, 30380003, 14052005, 14060006, 14741001, 14060003, 10116045, 14052046, 14091091, 14092057, 11500027, 11501020
25111045, 25111048, 22101001, 23110155, 24010380, 34363021, 15004058, 15110043, 23132061, 15231005, 15231006, 14841000, 34356009, 11044019, 15110071, 34713018, 34225082, 11057088, 36020039, 27000007, 14074057, 14074058, 36020045, 27410000, 14120017, 11011029, 34513111, 14015066, 34423005, 34711006, 34711008, 30701026, 14076009, 14076012, 25111021, 10119024, 25101044, 25101046
14863008, 22002240, 14840001, 27400289, 30380002, 21801125, 27000582, 10141039, 14846000, 14860017, 22171000
14000002, 14101123, 14000004, 10300035, 14802054, 22101000, 10300043, 24010380, 15114001, 27210006, 30250007, 22036000, 22020006, 22190000, 22500022, 21000128, 23113028, 14130017, 30380003, 22172005, 14401004, 14750064, 22102004, 14860021, 14401015, 15110008, 11250042, 15110014
23120001, 27000577, 15242009, 27200924, 10150050, 14084003, 11311014, 14900009, 14900013, 15401006, 15242044, 14275011, 25112007, 14253004, 27410000, 14013010, 11300179, 14903006, 14141025, 30380002, 14092007, 14141031, 11300074, 27000573, 14092030
15232001, 27000578, 23120001, 11533061, 15200007, 11504012, 24101006, 14650002, 15029014, 15130006, 23121048, 23121051, 15231004, 15231005, 14010015, 22036000, 23132068, 11501093, 14831014, 14831016, 10300072, 14092075, 23110188, 23110190, 22010032, 15114033, 22830002, 15130035, 15230004, 15029044, 22035000, 15235001, 15110073, 15605048, 15110076, 27300282, 23113027, 15209031, 15209032, 14121033, 15000007, 33060045, 27002573, 14121041, 27410003, 14750041, 22130011, 14530014, 11500127, 11501025, 14200040, 22102004, 15004024, 15115002, 27000574
22101001, 15200012, 22603001, 22500022
22035000, 22021009, 22036000, 27000582
15200007, 15004040, 15004041, 14843019, 24101006, 15004053, 15402007, 14722072, 30821015, 11104030, 22036000, 30821027, 11044009, 10137009, 15502002, 30707001, 22030011, 14846012, 14835014, 11011015, 11502024, 22008009, 22040009, 11102032, 15442004, 14525017, 15469017, 27002590, 30000094, 14844001, 14844004, 10002022, 11105006, 11052015, 14860017, 10002035, 21021043, 14860021, 22007031, 14822010, 11046012, 27000575
27100542, 27002595, 23132068, 27400708, 27002594, 30380002, 15130009, 27400047, 23110001, 22170003, 27400158, 27400119, 15119000, 15119001, 27400126
14076012, 15202001, 24010380, 23110007
10000011, 22008020, 22030005, 22610103, 30365021
23110144, 30320004, 27000581, 25111045, 15200007, 27000582, 11303047, 23110193, 14722044, 30832016, 14092048, 22170003, 14080022, 15103000, 15130009, 14815002, 14842010, 15130013, 14092078, 15115043, 15115044, 14090020, 22180003, 30010023, 23113005, 15209006, 14900013, 15209007, 27300273, 15230002, 23135027, 23134003, 34101041, 22500022, 23135031, 15110071, 22035000, 10131002, 22003002, 14092091, 31139003, 14243002, 22002239, 22002240, 14090047, 14515001, 14521027, 22600000, 22030005, 15209032, 34101192, 27410000, 22802001, 10201015, 14834010, 30202204, 22130016, 30380001, 30380002, 30380003, 34121059, 22120039, 14750057, 15004010, 14140011, 10141041, 25101044, 14844021, 27410044, 27000574
23110144, 30800006, 24000390, 14802054, 14080016, 15202065, 15114005, 14091031, 14031000, 23132068, 23134003, 15130035, 20121037, 10130010, 10135010, 10141044, 24012151, 23110009, 23131002, 15115003, 15202045, 27000574
15200001, 24011017, 14403083, 24010384, 14080020, 15503010, 22020003, 10119074, 15115047, 15130024, 10119082, 10130006, 14082022, 14572010, 21801072, 24030065, 10141044, 14092021, 14092022, 15202039, 15202040, 24000379, 10422012
15200001, 15116002, 30380003, 15116003, 23132068, 10141028, 31002008, 31020010, 23110001, 15230001, 15110002, 10141042, 15114005, 15110071, 10141048, 14015065, 27200925
15110020, 22100010, 22190000, 27002194, 15119001, 22102005, 27210006, 22103001, 22103005, 22111006
15021026, 15433002, 15433003, 11504022, 23110007, 23110009, 15110046, 15110015
15605059, 14054020, 30380003, 14000009, 14000011, 14054008, 27410000, 14083000, 22511000, 22511001, 14083004
14814023, 15200012, 27002558, 15114014, 10300015, 10300082, 22171005, 27000574
10132001, 10119041, 10002019, 32315012, 21021059, 10110017, 30380003, 10113006, 27410003, 10114004, 14079030, 23110006, 23110009, 27200924
30332035, 15200004, 25111045, 27000581, 15200007, 25111048, 14802057, 34363018, 14403083, 30161036, 15202053, 15115015, 11303055, 25120016, 11045009, 27400855, 30010016, 22036000, 25120036, 30175012, 30010023, 36010027, 15503022, 36030001, 32352050, 27300274, 22500022, 11220030, 31022014, 27240000, 30040005, 15000007, 25112008, 15501000, 25101002, 30000075, 27410000, 27410001, 22701009, 22130000, 11042004, 27410005, 14222033, 33050065, 22130007, 14222041, 30820060, 30380002, 34631011, 30380003, 11301091, 33016039, 14812008, 11022057, 32030057, 14076009, 11230063, 14230000, 14401014, 22102014, 11230075, 25121022
30380002, 14091012, 14721028, 10201029, 23112013, 14721037, 14090000, 14110001, 30141008, 14090003, 23134003, 15115002, 14092059, 22102014, 14091007
22036000, 15410016, 30380002, 24011108, 15200007, 11220013, 15110001, 27300274, 22008019, 22102004, 11110004, 22170001, 22120055, 22500056, 15419001, 22102014
23132068, 27000007, 25111048, 25111051, 21021043, 14594004, 27002163, 23110009, 23132061
10141025, 30380003, 27000581, 14750026, 14802060, 15459021, 15110000, 27200924
14912001, 23120001, 15200007, 14811023, 14650000, 15202079, 22036000, 22100000, 23132068, 10422013, 15321002, 22100010, 14092078, 27300279, 14073020, 22002239, 22840002, 15000007, 25101002, 14651000, 14830029, 14830031, 22103001, 22103010, 14076012, 22102000, 10422006, 10422008, 23110009, 10422012, 14651005
23110144, 23120001, 22036000, 15130027, 15114000, 22008021, 14015004
14250008, 22103013, 25101044, 15114013
15200004, 22101000, 15200008, 15604010, 14833003, 15110028, 22671056, 14841008, 15110046
33060008, 14580017, 15110004, 14750038, 22500022, 14860025
14834017, 11110152, 15402027, 24102002, 22030005, 22030008, 14834009
22002240, 22005000, 22003002, 22001006, 22001038, 22000049, 27300274, 22102004, 22102005, 14831034, 22103004, 22000029, 22002239
27000576, 15115008, 30420003, 25111048, 11501023, 10137005, 22010032, 10137009, 15130009, 27200924, 15130013, 15115007
15200004, 30320004, 15200008, 24000393, 24011018, 22501003, 24101006, 22001038, 22170003, 15503000, 22111004, 15110044, 22100000, 22111012, 15503022, 22000049, 22111031, 27002169, 22030011, 15503049, 15502035, 15502036, 22008021, 22130007, 22103003, 15116001, 30380002, 15201002, 15110001, 24000370, 23110001, 24000373, 22102005, 23110009, 22171004, 22102014
22020004, 11220008, 14409000, 27002188, 21021043, 14409013, 23110009, 11506011
23110144, 23120001, 14054018, 14054019, 27000576, 10310021, 22005000, 14721035, 15114000, 15242001, 15110035, 15110036, 22111001, 15110041, 10310042, 23121052, 14080028, 23132061, 22100000, 23132068, 22100010, 14052012, 27300273, 15110068, 22111031, 22035000, 27002173, 22002239, 22002240, 11210049, 10110018, 27002176, 31022027, 31022028, 15110007, 27410000, 14823000, 22103001, 22103005, 22172000, 15469025, 15502049, 23112035, 14060002, 22102000, 23110001, 15000048, 22102005, 22102014, 15110005, 23110009, 15110014
23120001, 21200001, 34204161, 34241028, 34241039, 34513061, 15130027, 11120049, 23134003, 34211123, 15110069, 34511029, 36020036, 22130000, 22802001, 11533010, 22130016, 22103010, 27000038, 22001006, 22102000, 11533043, 11110004
15130027, 31017012, 30380003
14091011, 11532036, 10150022, 10150024, 11533064, 10202000, 10150034, 14091031, 10000025, 10150050, 10137009, 14078003, 10008002, 10130013, 30380002, 14300006, 14200041, 14092010, 10151019, 10151020, 14054011
22036000, 15112000, 27000582, 25111048, 27300273, 25101044, 25101046, 23110007, 27200924, 14010012
11501090, 30380002, 11532039, 11501065, 11501068, 11501134, 34121109, 22111031, 10150044
23120001, 15200004, 27000582, 10117000, 15114015, 22000034, 22601000, 10110012, 15605055, 27240000, 27002177, 27002435, 27002436, 27002439, 27002186, 20121037, 14141019, 22103004, 22130016, 14141026, 20121061, 22671077, 22172007, 21021043, 25101044, 22102005, 22603000, 21021050, 27410044, 22102013, 25121022
15200007, 14802056, 10000015, 24010000, 15004050, 14810009, 30710042, 23121053, 27200925, 24010017, 10150050, 15004067, 21801125, 22000037, 22601000, 15113000, 15433002, 14772012, 22000049, 15110065, 14750001, 27300274, 14831031, 15605048, 27002169, 27002554, 14750012, 14814019, 14830021, 22008012, 27410000, 27000020, 11011034, 22172000, 30380001, 11250018, 34424033, 30380002, 30380003, 14812005, 14812007, 14860017, 25101044, 14750071, 27100542
14721026, 14721042, 22036000, 22100000, 22100002, 22100010, 22002239, 24010825, 27410000, 14076009, 10001007, 10002034, 15120000, 15440002, 14800003, 22021268, 21801116, 21801119, 27002558, 14840002, 22840002, 15502030, 22671058, 25101044, 27000581, 11104006, 22005000, 25120016, 15114003, 11104021, 14815001, 14111002, 22111004, 14111004, 14815007, 25120036, 14900007, 14772008, 14772011, 14900011, 14900014, 15242033, 14900019, 22111034, 23113024, 22130016, 22130017, 22172000, 22172006, 22172007, 22172008, 20103019, 23110009, 15110017, 22021003, 11504011, 14021006, 22021008, 14810001, 14917012, 15130013, 15110046, 14831007, 14831008, 23132068, 27200938, 15130027, 15130035, 27300281, 27300282, 14275013, 22103001, 14275036, 14722015, 30380002, 22103011, 30380003, 14275042, 15469027, 15021031, 22102000, 34220018, 14722036, 22102005, 30530047
22800000, 15469000, 23110009, 14253003, 15114000, 22802001, 15110001, 14860022, 15110071, 15469014, 14860025, 23113019, 15110015
21801119, 22002240, 30380003, 15113000, 24000393, 14074060, 23112013, 10000013, 10000014, 14074062, 23110001, 15110071, 23134003, 15110035, 10132019, 25101046, 14831031, 15130009, 15130013, 23110007
15120000, 25012012, 14800015, 14906002, 24010812
15200007, 22101000, 25111048, 24010380, 14843021, 15114000, 15114006, 15119000, 15119001, 22111001, 15110043, 22111004, 23110174, 15114015, 22036000, 15104035, 23132068, 11110053, 15104036, 21012004, 27300274, 23134002, 22500022, 22035000, 27002169, 27400126, 34841028, 11300175, 27410000, 25101011, 24101076, 22701014, 22103001, 22007005, 27400158, 22130017, 15420002, 22172003, 30380003, 20121061, 22172008, 22172012, 22102005, 27410045, 22102014, 15110015
14560002, 22005000, 22005001, 24101002, 10000011, 22111001, 23121052, 27200924, 22036000, 27100542, 23132068, 22020006, 22020010, 15230001, 23134002, 22500022, 22610103, 22035000, 22111031, 22035007, 22002240, 22600000, 22600002, 22701014, 22103005, 30380001, 30380002, 30380003, 22001006, 22007022, 22102000, 23110001, 14750064, 22102005, 22102014, 27410044, 11230078
24010819, 27000582, 25120016, 27410000, 14905010, 14822002, 25101044, 25101046, 14750042, 23132061
14060002, 22172008, 15110026, 24101003, 24010380, 14811023, 15000021, 14063000, 15235001, 15110043, 20110014
27410044, 36020034, 30420002, 27000581, 14811014, 10141063, 22020006, 14901001, 22701000, 10141038, 23110001, 27410003, 27410005, 23110009, 14842014, 15202044, 15114013, 27100542, 15114015
15200004, 15115015, 22101000, 11301134, 14063002, 14543003, 22021276, 22111004, 11110053, 11300133, 22004008, 31028009, 22500022, 22111031, 22600002, 31001031, 22008019, 14073044, 11046013, 22103001, 14531035, 31001052, 22103005, 30311008, 15116001, 30380002, 22103011, 11250017, 14750054, 22034026, 14100075, 14076012, 14100077, 22102001, 25101044, 22102005, 14870004, 27410045, 14763007
22036000, 23120001, 10140002, 30380003, 27000582, 15240008, 27410001, 27300273, 27410003, 22008020, 30330004, 15110071, 23110009, 27200924, 15231005, 15231006, 15503039
22002240, 24010380, 25101044, 22102005, 25101046, 22111001, 23110174
25111048, 24101000, 24010378, 24011019, 24010380, 23110155, 24011017, 20101014, 22111001, 15110044, 23132061, 22111006, 24111008, 22020002, 23132068, 22004006, 24111015, 22601000, 14852013, 20014001, 27300274, 27300279, 22111031, 22035000, 27300282, 15110071, 11500095, 27002436, 25112007, 27002440, 27002441, 27002188, 27410000, 22103001, 22103004, 22103005, 22130017, 22103010, 22172003, 30380003, 22001008, 22102000, 10141042, 14860020, 22102005, 25101046, 22603001, 22171004, 22102013
23120001, 30380002, 30380003, 14091077, 25111048, 11532018, 14080022, 15202044, 14092063
27200924, 15115014
11222017, 30380001, 11102052, 15200007, 14802056, 10131020, 10002029, 24101006, 22671055, 10151023, 11102031, 11233042, 11233043, 11104021, 15110069, 22610103, 15110073, 11300123, 14105020
30320003, 11532038, 32416009, 14403083, 22005006, 10119057, 14080019, 10119059, 14714010, 34225051, 15202078, 10132003, 14090021, 31024040, 14596016, 23134002, 14206004, 22030005, 27400119, 14222009, 14131005, 14300099, 11240006, 14861002, 14861003, 14275022, 27400145, 22002006, 14142038, 11533016, 30514009, 22103001, 14082011, 30380002, 15212004, 15202020, 14130021, 14200040, 14141034, 30321005, 14081006, 10141044, 15211000, 14092026, 24000379
11303014, 15130027, 11301004, 15114000, 11233044, 15115003
