14596, 10119, 15242, 14091, 11020, 25101, 14860, 14863, 14092, 22030, 27410, 10132, 14101, 25111, 25112, 22040, 15130, 22171, 15004, 15005, 22172, 10136, 25120, 14112, 10401, 22170, 27300, 27000, 14121, 30380, 14900, 14903, 10300, 27200, 24000, 14402, 21700, 23113, 22102, 22103, 10201, 23132, 22111, 22120, 14831, 22002, 14834, 14835, 22130, 11511, 22008, 27002, 10110
24101, 20103, 22601, 14121, 25101, 20014, 14831, 14830, 27410, 14900, 22102, 25111, 27000, 20121, 14750
15110, 15114, 22671, 22802, 22036, 15130, 30380, 14636, 24110, 24111, 14770, 14260, 14533, 14534, 22600, 23121, 23130, 23131, 23132, 15200, 14570, 11501, 14837
14721, 11233, 11300, 11205, 22020, 11303, 11301, 14826, 14860, 30380, 14830, 30320, 11220, 14903, 27000, 30233, 15130, 11230, 11231
23110, 22036, 10110
27200, 27210, 15242, 25101, 27410, 25111, 27000, 34713
14722, 15139, 14243, 14082, 23110, 15110, 14052, 14054, 14851, 14060, 14092, 30380, 14075, 27100
11521, 15010, 22500, 15110, 10151, 10152, 30380, 30541, 14830, 15230, 10133, 10300, 14750
23120, 30380, 27000, 23134
14721, 22020, 15110, 10119, 15242, 15243, 15115, 11532, 10000, 10001, 10002, 22035, 14100, 24220, 27300, 11044, 10150, 11303, 15402, 14636, 30380, 14510, 14900, 14903, 14905, 14270, 14015, 27200, 14655, 14402, 23110, 10310, 10312, 30541, 14804, 14811, 14300, 11231, 11104, 15202, 11111, 15469, 14830, 14831, 14833, 22001, 27002, 15231
27410, 22030
10119, 14120, 10140, 15115, 30380, 14140
40000, 14753, 14080, 22020, 14822, 22601, 30380, 11502, 15022, 14222, 23120, 15503, 27410, 22102, 14105, 22008, 14905, 15130, 27100, 32316
27000, 10001, 10002
14082, 27400, 15115, 14091, 14862, 14352, 27410, 15004, 10150, 14121, 14001, 14131, 14013, 23110, 24011, 14031, 23120, 23121, 23131, 23132, 11501, 14076
10119, 30380, 23120, 27410, 10141
11521, 11531, 25005, 32143, 21400, 27002
11521, 30340, 10119, 30380, 27000, 23132
14596, 15242, 11531, 25101, 14072, 22035, 22036, 15004, 11300, 14630, 11054, 11056, 14013, 27200, 14661, 22002, 15605, 22007, 22008, 27002, 15230, 15231
25120, 22020, 22630, 22631, 10310, 30380, 14861, 14860, 11312, 22002, 22036, 14774, 27002, 10300, 14750, 22111
27300, 23110, 11111, 21801, 15114, 11500, 25100, 25101, 15119, 14860, 24401, 27410, 22610, 14863, 14520
14091, 14100, 14222
23110, 15263
15112, 30380, 23110
40000, 25121, 14082, 14084, 22103, 14407, 15113, 22004, 22007, 22008, 23132, 22111
10112, 11011, 15115, 11532, 15503, 22802, 15000, 15130, 11303, 30380, 31023, 14010, 14013, 23110, 22102, 23131, 23132, 11230, 11500, 11501, 14060, 22008, 14073, 14074, 10111
11141, 14014, 14525
25120, 15110, 15114, 30380, 22002, 22102, 27000, 15130, 23132
10112, 11200, 15110, 15114, 15019, 30380, 14092, 11220, 11231
32416, 14050, 14722, 14596, 14661, 23110, 15110, 27400, 14917, 15114, 15115, 30380, 11501, 15022, 15402, 24010, 14121, 15000, 27002, 32316
32736, 10435, 10501, 14090, 30380, 14092, 11057, 14231, 10300, 10141
15200, 14594, 25101, 14831, 14900, 25111
27200, 25111, 23110, 11110, 22600, 23112, 15242, 30380, 25101, 22101, 22102, 22103, 27000, 27002, 23132, 22111
14722, 30380, 14130, 10002, 10008, 14143
22500, 22601, 22701, 22702, 22000, 22002, 22008, 14300
24101, 30380, 22036, 15119
24000, 15202, 21700, 22021, 23110, 30380, 24111, 24401, 14802, 24403, 27002, 23131, 23134
11521, 15235, 11044, 22020, 11051, 11052, 30511, 34363, 23131, 10141
32416, 30380, 10141
27000, 15130, 27300, 25110
10501, 15110, 15113, 25100, 25101, 10000, 27410, 10002, 22036, 25111, 10008, 20121, 10140, 25120, 27300, 30380, 27200, 40000, 23131, 23132, 22000, 27000, 27002
40000
25120, 14082, 14243, 15110, 27400, 24010, 15116, 22671, 15119, 14928, 22034, 10131, 10001, 22001, 22008, 14873, 14842, 23132, 14750, 22111
11250, 10140, 15405, 11111
27200, 23113, 27410, 15111
25120, 27300, 22021, 22020, 27210, 25101, 15119, 22000, 22671, 22035, 22036, 22100, 25111, 27000, 22111
27200, 15202, 27400, 15114, 15115, 14092, 22034, 25111, 27000
11044, 11300, 14020, 27300, 14022, 11303, 11501
10300, 10501, 32143
15130, 30380, 15116, 15110
22030, 22101, 22102, 25111, 22111
14216, 21801, 27400, 30380, 25101, 30125, 27410, 25111, 27000, 27002, 23131, 27100, 14205, 14943
10132
22020, 10502, 14860, 22130, 27410, 30357, 22101, 22172, 21021, 14750
15110, 15113, 27410, 10132, 15130
14112, 11200, 15202, 15139, 14092, 10002, 10131, 27000
24010, 22035, 24011
24011, 27300, 22102
14721, 22020, 15114, 15242, 25101, 22030, 27410, 22035, 22170, 31021, 23112, 23113, 14802, 22102, 22103, 14812, 23134, 22500, 14820, 22000, 22002, 22130, 27000, 22010
25120, 22020, 15114, 24011, 25130, 25101, 22030, 27410, 22035, 14802, 22101, 22102, 22036, 27000, 22041, 14906, 22013, 23134
27000, 30380, 27410, 14836, 22102, 22103, 15320, 22170
14721, 27300, 10117, 24011, 30380, 10002, 22102, 10141, 10110
27300, 15110, 23110, 23113, 24010, 15242, 30380, 15119, 22800, 22100, 22036, 22102, 22103, 15000
14721, 11522, 22008, 15242, 15114, 15115, 11533, 14222, 22034, 14230, 25111, 22172, 10141, 25120, 22821, 27201, 23110, 14800, 27100, 15200, 15202, 22500, 15605, 27000
10113, 10119, 10000, 27410, 10132, 27000, 10141
27200, 11522, 14051, 10116, 11300, 10150, 11044, 10119, 23110, 14722, 14071, 14733, 10008, 27410, 10002, 11057, 10130, 10135, 27000, 10110
40000, 27300, 25111, 15110, 15114, 15115, 30380, 27410, 10200, 14200, 15130, 23132
10400, 15202, 15110, 22630, 15114, 11531, 30380, 14861, 14860, 14541, 22001, 22035, 22005, 14070, 15605, 14584, 15130, 14811, 10141
11521, 33026, 25101, 22035, 24220, 25120, 30380, 14013, 14021, 14022, 34631, 24011, 23120, 27100, 22111, 30444, 30320, 27000, 14073, 27002, 14076
25101, 22671, 27410, 30100, 25111, 23132
30500, 30380, 15149, 32917, 15100
15110, 23113, 30380, 14253, 14222, 23120, 27002, 15130, 14013, 14814, 15231
14080, 30304, 14722, 14530, 15110, 15240, 23113, 15242, 14091, 30380, 14092, 15029, 22007, 15004, 10141
11241, 11301, 14844, 34133
27300, 14021, 15110, 30503, 30380, 22030, 22671, 27410, 27000, 15130
24101, 23110, 10119, 15119, 14710, 22102, 27002, 22111
15200, 27200, 15202, 15110, 11533
34304, 14754, 27300, 23110, 11303, 27240, 23113, 15433, 24010, 30380, 15115, 11502, 15114, 14800, 10100, 14836, 15029, 15130, 11230
25120, 27200, 27030, 25111, 15130, 15004
27300, 14054, 10152, 30380, 27410, 10130, 10132, 10133, 25111, 27000, 10141, 14015
25121, 14082, 25111, 23110, 10152, 15114, 30380, 25005, 20110, 23120, 27410, 10132, 22071, 27000, 23134
10119, 14091, 30380, 14092, 10002, 10141
27200, 15115, 30380, 24011, 24401, 27410, 15130
25120, 14820, 11301, 24010, 15114, 30380, 22671, 10000, 22001, 14863, 27410, 24401, 27002
14721, 14082, 23142, 23110, 15110, 14090, 14731, 10130, 10132, 23131, 14076, 14077
14242, 23110, 14215, 14222, 14231, 14234, 23132, 23134
27200, 24100, 27300, 15110, 22631, 15114, 14815, 30380, 11504, 22005, 22102, 14811, 22008, 15605, 22170, 14843, 30364, 22111
14820, 22180, 14831, 14833, 14802, 22102, 27000, 22171, 23132, 14750, 22111
27200, 14593, 10141
15130, 10141, 11110, 10119
22021, 25101, 20121, 22172, 21801, 22190, 22850, 22601, 14802, 22610, 22100, 22101, 22102, 22103, 23132, 27100, 22111, 11110, 14830, 14833, 22005
15110, 27400, 25101, 14222, 15501, 21011, 21021, 25120, 27300, 24101, 30634, 30380, 22190, 14275, 22601, 22602, 22603, 22100, 22102, 22103, 22622, 22111, 22500, 14830, 22001, 14714
23110, 11110, 22630, 22601, 22002, 22103, 27000, 27002, 22111
14721, 15114, 14860, 15503, 14863, 22671, 22802, 14870, 15004, 14636, 22701, 22830, 30380, 30131, 14644, 14905, 14654, 14655, 14916, 14661, 23110, 14663, 23113, 11210, 22603, 27100, 15200, 15202, 11110, 14830, 15101
23141, 15110, 10150, 10119, 30380, 25100, 22030, 15119, 27410, 10002, 14515, 27000, 10109
27410, 30380, 10141, 11222
14721, 15110, 25101, 20110, 15119, 10141, 15263, 10401, 27300, 21801, 15402, 30380, 20014, 14654, 14530, 14276, 14405, 15430, 15433, 15435, 22100, 22102, 15323, 14300, 22111, 15200, 22500, 14833
40000, 15139, 23142, 27400, 15114, 14091, 14092, 30380, 11052, 11054, 11501, 27410, 25111, 27000, 10141
14721, 15140, 27300, 23110, 10119, 11110, 11300, 15114, 11302, 30380, 11533, 25100, 15119, 22130, 27410, 10100, 25111, 10141, 36030
27300, 10150, 30380, 22101, 22007, 27002, 10141
11200, 23110
15202, 15110, 11110, 11022, 27000
27200, 15139, 27000, 10501, 23110, 15110, 27400, 15114, 15115, 30380, 22511, 27410, 25111, 22008, 15130, 10141
27200, 14400, 27300, 23110, 27400, 14409, 30380, 22000, 30448, 27410, 11250, 22102, 22103, 27000, 11231
14080, 11300, 14052, 14022, 14054, 14090, 14091, 11212, 14092, 30380, 14223, 14033, 15130, 30011, 11230
14080, 27200, 22020, 14903, 23110, 10150, 10502, 30380, 10000, 27410, 14900, 25111, 14905, 10140, 10141
27200, 15110, 25101, 22671, 25110, 27000
27200, 25120, 15115, 30380, 25101, 27002, 27000, 15130
25120, 25121, 36035, 22020, 22021, 15110, 11301, 22601, 24010, 30380, 25101, 14860, 27410, 22102, 27000, 15130, 27100, 14750
22850, 25101, 15343, 27002, 25405
15110, 23110, 15114, 10300, 15503, 22102, 15004, 15262, 15263
25120, 21021, 23142, 24000
32736, 27200, 27300, 10501, 10310, 10152, 27410, 27000, 27002, 10300
15110, 22008, 27400, 15115, 11020, 14092, 14222, 11022, 10000, 11531, 27410, 15130, 14111, 25120, 30380, 14000, 11057, 14132, 32316, 14021, 27100, 30321, 27000, 10110
15502, 15503, 14802, 27002, 10300, 14013
14052, 11300, 15450, 15242, 30380, 23120, 15130
23110, 15110, 15114, 15402, 30380, 15503, 23120, 22035, 11221, 23131, 14203, 23134
23110, 25101, 23121, 27410, 22102, 23131
22020, 15110
14721, 27300, 23110, 22030, 23120, 27410
10116, 10150, 14121, 10000, 10002, 10140
14721, 14593, 22671, 22036, 22172, 27300, 24101, 21801, 34220, 34226, 15410, 14842, 23110, 14407, 34120, 23120, 14802, 22101, 22102, 22621, 22120, 22000, 14841, 30202, 14846
14721, 10114, 33060, 23110, 14090, 14091, 30380, 14860, 14094, 14092, 15114, 25101, 22035, 30323, 22102, 15130, 11103
27002, 25101, 25111
14275, 22021, 15110, 10119, 27400, 22601, 15114, 15115, 30380, 14092, 22603, 22602, 24011, 22671, 22610, 30131, 22600, 22101, 15440
11057, 10141
25120, 25101, 25111
27000, 14261
22001, 15130, 30380
14914, 30380
14209, 14120, 15114, 14091, 30380, 14131, 27000, 15230, 23135
15202, 24010, 25101, 22130, 14771, 22102, 22172
25101, 25111
25120, 25130, 22500, 14916
14010, 27002, 23132, 14860
27300, 27400, 15115, 27410, 10131, 25111, 27000, 10137, 27100
32416, 10150, 15115, 30380, 27000, 14141
15110, 30380, 22040, 15130, 10140
15104, 15004, 22036
22500, 24101, 21801, 24010, 22002, 14834, 22036, 22101, 22102, 14710, 27002, 24220, 14750
30723, 15115, 30380, 14222, 30512, 30448, 30840, 14074, 14300
23110, 30380, 22030, 10132, 22007, 10141
24000, 10310, 25101, 22671, 14832, 22002, 22036, 25012, 22102, 25111, 27000, 27100, 22111
27410, 15114
15202, 27300, 24101, 15110, 23113, 15114, 22603, 30380, 22701, 14205, 14092, 15113, 22036, 22103, 22008, 22010, 10141, 22111
22021, 23110, 30380, 25100, 25101, 22102, 25111
40000, 15110, 15111, 23110, 15115, 30380, 14847, 22002, 22035, 15250, 25111, 20121, 15130, 14843, 14844, 10141, 15230, 15231
27000, 14722, 10141
24010, 24011, 15110, 14342
25120, 27200, 40000, 23110, 30380, 27410, 27000, 27002, 22111
22500, 24101, 22020, 21001, 15339, 25101, 27410, 25111, 25112, 24220
27000, 15202, 15130, 22036
27200, 11531, 25101, 27410, 25111, 27000
27000, 15130, 25101
10500
27000, 30000, 25130, 25101
10112, 23110, 22110, 21801, 30380, 10130, 10131, 15130, 23131, 23134
11104, 25120, 14082, 14076, 30820, 22600, 15113, 11501, 27410, 30515, 25012, 22102, 15000, 15004, 10141, 14750, 22111
27000, 25121, 25120, 30012
27300, 25101
27200, 14721, 23110, 11303, 15212, 14830, 10001, 15001, 23132, 23134
25120, 27000, 25101, 25111
23110, 30380, 11533, 25101, 15004
14596, 14054, 22036, 22103, 22008, 20121, 15230
15200, 15232, 22001, 22034, 22036, 22101, 22102, 22103, 22172, 15230
15202, 23110, 14860, 14000, 15603, 11220, 14010, 23132, 14013
27200, 25111, 22500, 22170, 15114, 30380, 24012, 14831, 22002, 23132, 22036, 22101, 22102, 22103, 15130, 10300, 22111
15130
22850, 22630, 22601, 14121, 22701, 22702, 10701, 22100, 22102, 22103
15202, 27300, 23110, 11110, 27410, 10140
23110, 14120, 27410, 22100, 27100
25120, 30380, 25101, 27002, 14000, 22610, 14772, 14010, 22111
15110, 10119, 24010, 14770, 30202, 15130, 14750
14080, 15202, 14082, 11300, 23110, 10119, 14121, 15114, 15211, 30380, 11221, 14010, 15130, 11230, 15231
27200, 14120, 10130, 27410, 27000, 10141
14530, 27300, 11303, 22600, 25112, 30380, 25101, 22671, 22002, 14802, 22036, 22102, 22103, 22008, 14812, 23132
14721, 27000, 14630, 22030, 22000, 22002, 22003, 14200, 22040, 15130, 14203
30380, 25101, 22036, 25111, 27000
15110, 23110, 15111, 14570, 11532, 30380, 15502, 15120, 15121, 20121
24000, 15459, 15110, 15111, 10150, 24010, 15115, 15120, 15121, 30903, 30202
11200, 11235, 24101, 23110, 14092, 23121, 22034, 27410, 22900, 23131
22500, 24101, 22600, 24010, 14802, 22102, 21021
14753, 14243, 10150, 14010, 23110, 22602, 22603, 30380, 14860, 22671, 23120, 14836, 14261, 22036, 14232, 14073, 27002, 23132
23110, 15110, 23112, 23113, 15114, 15115, 30380, 27000, 27002
27200, 22102, 25111, 27000, 27100
15113, 25100, 14861, 22030, 14860, 22040, 22172, 14750, 11300, 24100, 33060, 21801, 21812, 10300, 14661, 23110, 10439, 23113, 24010, 24011, 14922, 14921, 22101, 22102, 22110, 22111, 22630, 14822, 22120, 22001, 22130, 22132, 22007, 22008, 14841
25120, 25121, 27000
15605, 25001, 30380, 32917
10435, 10309, 23120, 10130, 10131, 10132, 10133, 25012, 27000, 11230
15114, 22500, 23110
27300, 23110, 15110, 11056, 27410, 27000, 23132
27002, 27410
23120, 23134, 23142, 23110
14112, 15201, 14080, 15139, 22021, 11301, 23110, 27400, 11305, 15115, 11222, 23131, 14043, 10109, 14111
15232, 27201, 15202, 27300, 22020, 15110, 14630, 23113, 15320, 15130, 15230, 15231
21120, 10116, 15110, 10119, 30600, 22008, 15115, 25100, 25101, 22030, 22034, 27410, 22036, 25111, 30360, 14750, 27300, 11301, 25130, 27200, 23110, 22601, 14801, 14802, 10201, 14811, 14812, 23132, 30822, 14822, 11240, 11241, 11500, 30321, 22005, 27000, 30330
15110, 15111, 15402, 30380, 15119, 27410, 27000
15402, 15434, 15119
11521, 27400, 25101, 27410, 22036, 25111, 25112, 31002, 15130, 20130, 11300, 11301, 10150, 11302, 11304, 27000, 10410, 27300, 30380, 31021, 15410, 10422, 27200, 23110, 23114, 22101, 22102, 23131, 23132, 11233, 14054, 23142, 22000, 22130, 22007, 22008, 27002, 15230
23110, 15110, 15114, 22860, 22002, 10141
15432, 15433, 30380, 25101, 27410, 25111, 27000, 23131, 23132
27200, 30364, 22020, 27000, 15110, 22630, 11112, 14860, 25101, 20014, 14861, 30161, 31029, 15000, 15449, 27002, 22171, 23132, 10141
27400, 14020
14209, 24101, 23110, 15209, 30380, 10000, 27410, 22035, 23130, 15130, 30332, 11230
10150, 10502, 14121, 30380, 11502, 10000, 10002, 14131
14084, 10119, 15114, 15242, 11531, 25101, 27410, 25111, 20121, 22170, 22171, 14074, 25120, 27300, 24101, 30380, 20014, 22830, 30011, 27200, 24010, 23120, 22100, 22101, 22102, 22103, 22111, 27240, 15343, 22130, 22002, 22005, 27000, 27002, 14077
22103, 22600, 22601, 22001, 22130, 22102, 14710, 22171, 10141, 22111
15200, 15202, 14070
22021, 11533, 22034, 27410, 10141, 11041, 30500, 30503, 10151, 30380, 30510, 14132, 36020, 36030, 23110, 10201, 23131, 23134, 11231, 15202, 11511, 27000, 14076
22840, 27300, 24101, 15110, 14661, 22103, 15115, 30380, 22800, 22130, 22002, 22100, 22802, 22102, 14515, 22040, 22101, 27410, 22171, 15130
31043, 27300, 23110, 10119, 15110, 23113, 23142, 25101, 22702, 22035, 22100, 22036, 22102, 25111, 27000, 15130, 15004, 10109, 22111
27200, 14082, 15110, 15114, 25101, 23120, 22008, 10201, 22621
22020, 22021, 14091, 22035, 22036, 14200, 27300, 21801, 14000, 14130, 27200, 40000, 14403, 23110, 22100, 22102, 22103, 14552, 23130, 22111, 22500, 23142, 30444, 22000, 30321, 22130, 27000
15200, 10401, 14722, 23110, 27240, 22600, 15242, 15115, 30380, 15501, 14092, 15000, 22002, 27410, 22102, 27000, 15130, 15230
15202, 23112, 14506, 30380, 14092, 27410, 10130, 10131, 22870, 15130
30380, 14130, 10136, 23131, 10141
14080, 15004, 22020, 27300, 14630, 15242, 15115, 14092, 14060, 20014, 30380, 27410, 22035, 22002, 11220, 14073, 15130, 23132, 10141, 11230
27200, 14080, 27300, 23110, 25101, 30321, 27410, 30420, 30421, 25111, 27000, 22171, 10140
27000, 15110
22172, 27300, 24010, 21200, 22132, 22100, 22102, 22103, 15000, 27002, 15130, 32316, 21021, 22111
15113, 30321, 22001, 22102
23134, 15202, 25101, 36030
14916, 31017, 14000, 30514, 14902, 14839, 30361
23110, 24010, 22100, 20121, 22172, 21021
27200, 27400, 27410, 27000, 25150
27200, 14722, 15202, 27300, 23110, 15110, 27400, 10000, 27410, 27000, 15130
14721, 15114, 14091, 15503, 10103, 31001, 31002, 31004, 24101, 14130, 27200, 24000, 21700, 14020, 23110, 23113, 24401, 24403, 22102, 22103, 23134, 14052, 11110, 22130, 10100, 14071, 22008, 14074
27200, 24000, 27240, 15115, 15021, 14000, 27410, 14900, 14903, 14520, 14905
11522, 14916, 22500, 14860, 30700, 30380, 27410, 22130, 22036, 22102, 22103, 14841, 22170, 27100, 22172, 22110, 22111
14721, 21021, 14403, 22500, 11301, 15110, 34621, 14828, 14831, 23120, 22001, 22002, 14833, 22005, 22102, 27000, 15130, 10141
15104, 30337, 30341, 15110, 11532, 10000, 10001, 22034, 10131, 32917, 24220, 14753, 14754, 24101, 30380, 14513, 14258, 14261, 24000, 23110, 24010, 22102, 22103, 30430, 22111, 15202, 14826, 11500, 11501, 30447, 14837, 22007, 22008, 27002, 14843, 14845, 15230
11521, 14082, 14083, 30340, 20101, 27400, 15114, 15115, 11532, 25101, 22030, 27410, 22036, 15000, 22171, 27300, 25130, 30380, 20014, 22830, 30515, 22071, 27200, 23110, 14281, 23113, 14285, 22102, 23132, 15200, 32736, 11500, 22902, 27000, 27002
15110, 15114, 15115, 22702, 15130, 24220
27200, 14082, 27000, 15012, 15114, 14091, 14092, 30380, 27410, 10130, 10132, 10133, 14260, 15000, 14073, 27002, 15004
15110, 10502, 27400, 22008, 15114, 14863, 15120, 22671, 27410, 22035, 25112, 14105, 15130, 30380, 27200, 23110, 15430, 22102, 15202, 22004, 14837, 27000, 27002
14082, 14083, 22021, 10119, 27400, 22008, 15242, 25100, 25101, 15119, 22035, 22036, 32917, 15000, 20121, 22171, 22172, 27300, 24101, 27000, 10152, 10153, 14840, 25130, 30380, 22702, 25012, 14261, 14844, 23110, 15430, 22601, 24010, 22603, 22860, 14802, 22102, 22103, 10201, 23132, 14813, 22111, 14563, 22511, 14831, 30321, 22002, 14072, 14073, 27002, 14076
10435, 10116, 14052, 14091, 30380, 14060, 14092, 11500, 11501, 14741
11011, 15110, 10119, 25101, 27410, 25111, 34711, 34713, 15004, 11044, 14120, 34225, 11057, 36020, 34356, 34363, 14015, 23110, 24010, 34513, 22101, 23132, 30701, 34423, 27000, 14841, 14074, 14076, 15231
27000, 27400, 21801, 14860, 30380, 14863, 22002, 14840, 22171, 10141, 14846
22020, 15110, 21000, 15114, 14860, 22036, 14101, 22172, 14750, 30250, 30380, 22190, 14000, 14130, 10300, 14401, 23113, 24010, 27210, 14802, 22101, 22102, 22500, 11250
27200, 14275, 14084, 11300, 10150, 14013, 25112, 15401, 15242, 14092, 30380, 14253, 11311, 23120, 27410, 14900, 14903, 27000, 14141
15232, 15235, 15110, 15114, 15115, 14092, 11533, 27410, 22035, 22036, 15000, 15130, 15004, 14750, 33060, 24101, 27000, 27300, 14121, 22830, 27002, 15029, 14650, 14010, 10300, 14530, 23110, 23113, 23120, 23121, 22102, 23132, 15200, 15209, 11500, 11501, 14831, 11504, 22130, 15605, 14200, 22010, 15230, 15231
15200, 22603, 22500, 22101
27000, 22035, 22036, 22021
14722, 11011, 14860, 15502, 22030, 10002, 22036, 22040, 10137, 15004, 21021, 11044, 27000, 11046, 24101, 15402, 11052, 30000, 14525, 15442, 11102, 15200, 11105, 11104, 30821, 14822, 15469, 11502, 14835, 30707, 22007, 22008, 27002, 14843, 14844, 14846
23110, 27400, 30380, 15119, 22170, 27002, 15130, 27100, 23132
24010, 14076, 15202, 23110
22030, 10000, 22610, 22008, 30365
14080, 14722, 15110, 14090, 15115, 14092, 25101, 22030, 27410, 10131, 22035, 22802, 30202, 25111, 15130, 22170, 15004, 10141, 14750, 31139, 27300, 14243, 22180, 11303, 30380, 14515, 14900, 34101, 14521, 30010, 14140, 23110, 22600, 23113, 34121, 10201, 23134, 14815, 15200, 23135, 22500, 22120, 15209, 30832, 30320, 22002, 22003, 14834, 22130, 27000, 14842, 14844, 15230, 15103
24000, 14080, 15202, 23110, 15114, 15115, 14091, 24012, 14031, 30800, 10130, 14802, 10135, 27000, 20121, 15130, 23131, 23132, 10141, 23134
14080, 15200, 24000, 14403, 22020, 14082, 15202, 10119, 21801, 24010, 24011, 15115, 14092, 14572, 15503, 10130, 10422, 15130, 10141, 24030
15200, 27200, 23110, 15110, 15114, 30380, 15116, 31020, 31002, 23132, 10141, 15230, 14015
15110, 27210, 22190, 15119, 22100, 22102, 22103, 27002, 22111
23110, 15110, 15433, 15021, 11504
14083, 14054, 30380, 22511, 14000, 27410, 15605
15200, 15114, 27000, 27002, 22171, 10300, 14814
27200, 10113, 10114, 23110, 10119, 30380, 10002, 27410, 10132, 32315, 21021, 10110, 14079
27400, 15115, 15501, 11022, 15503, 14222, 25101, 27410, 22036, 14230, 25111, 25112, 15000, 33050, 32030, 25120, 25121, 11042, 14076, 11045, 11301, 11303, 27300, 36010, 30380, 22701, 31022, 30000, 30010, 34363, 36030, 14401, 14403, 34631, 30161, 14802, 11220, 22102, 30040, 14812, 11230, 30175, 15200, 33016, 15202, 32352, 30820, 22500, 27240, 22130, 27000, 30332
14721, 23112, 14090, 14091, 15115, 30380, 14092, 14110, 22102, 10201, 30141, 23134
15200, 27300, 22500, 15110, 11110, 22120, 24011, 30380, 15410, 22036, 11220, 22102, 22008, 22170, 15419
14594, 23110, 25111, 27000, 27002, 23132, 21021
27200, 15459, 15110, 30380, 14802, 27000, 10141, 14750
14092, 25101, 22036, 15000, 27300, 10422, 22840, 14650, 14651, 14912, 23110, 23120, 22100, 22102, 22103, 15321, 14811, 23132, 15200, 15202, 14830, 22002, 14073, 14076
23110, 15114, 23120, 22036, 22008, 15130, 14015
14250, 15114, 25101, 22103
15200, 15110, 22671, 14833, 15604, 22101, 14841
22500, 33060, 15110, 14860, 14580, 14750
11110, 24102, 15402, 22030, 14834
27300, 14831, 22000, 22001, 22002, 22003, 22005, 22102, 22103
27200, 15115, 11501, 22010, 30420, 25111, 27000, 10137, 15130
15110, 15116, 22030, 15503, 15502, 22170, 22171, 24101, 30380, 24000, 23110, 24011, 22100, 22102, 22103, 22111, 15200, 15201, 22501, 22000, 22001, 22130, 30320, 22008, 27002
22020, 23110, 14409, 11506, 11220, 27002, 21021
14080, 14721, 15110, 15242, 15114, 15502, 27410, 22035, 15000, 22172, 27300, 31022, 23110, 10310, 23112, 11210, 23120, 23121, 22100, 22102, 22103, 23132, 22111, 14052, 14054, 14823, 14060, 15469, 22002, 22005, 27000, 27002, 10110
34241, 34211, 15110, 11110, 11533, 34511, 23120, 34513, 22130, 22001, 22802, 21200, 22102, 22103, 27000, 11120, 15130, 36020, 34204, 23134
31017, 15130, 30380
10150, 14054, 10151, 14091, 30380, 14092, 11532, 11533, 10000, 10008, 10130, 14200, 10137, 10202, 14300, 14078
27200, 27300, 23110, 15112, 25101, 22036, 25111, 27000, 14010
10150, 34121, 30380, 11532, 11501, 22111
10117, 15114, 25101, 22671, 27410, 20121, 22172, 21021, 25121, 14141, 22601, 22603, 23120, 22102, 22103, 15200, 27240, 22000, 22130, 15605, 27000, 27002, 10110
11011, 15110, 22008, 15113, 14860, 25101, 10000, 27410, 22172, 15004, 14750, 27300, 27000, 10150, 21801, 30380, 14772, 27200, 15433, 24010, 22601, 23121, 14802, 14810, 14812, 27100, 14814, 15200, 14830, 14831, 22000, 11250, 15605, 30710, 34424, 27002
14721, 14722, 22021, 15110, 20103, 15242, 15114, 25101, 15502, 22671, 15120, 10001, 10002, 27410, 22036, 15130, 22172, 14111, 25120, 27300, 14840, 21801, 30380, 34220, 15021, 14772, 14900, 22840, 27200, 30530, 14275, 14021, 23110, 14917, 23113, 24010, 14800, 15440, 22100, 22102, 22103, 14810, 23132, 22111, 14815, 11104, 15469, 14831, 11504, 22130, 22002, 22005, 27000, 27002, 14076
15110, 23110, 23113, 15114, 14860, 14253, 15469, 22800, 22802
24000, 23110, 15110, 23112, 21801, 15113, 30380, 25101, 14831, 10000, 14074, 22002, 10132, 15130, 23134
24010, 15120, 14800, 25012, 14906
15104, 15110, 27400, 15114, 25101, 15119, 27410, 22035, 22036, 21012, 25111, 20121, 34841, 22172, 27300, 11300, 24101, 30380, 22701, 15420, 23110, 24010, 22101, 22102, 22103, 23132, 23134, 22111, 15200, 22500, 11110, 22130, 22007, 27002, 14843
22020, 10000, 27410, 22035, 22036, 14750, 24101, 30380, 22701, 27200, 23110, 22600, 23121, 22610, 22102, 22103, 23132, 27100, 11230, 23134, 22111, 14560, 22500, 22001, 22002, 22005, 22007, 15230
25120, 14822, 24010, 25101, 27410, 27000, 14905, 23132, 14750
15235, 24101, 15110, 24010, 14060, 20110, 14063, 15000, 14811, 22172
15202, 22020, 23110, 15114, 22701, 27410, 36020, 30420, 14901, 27000, 14842, 14811, 27100, 10141
22021, 15115, 15116, 25101, 27410, 22034, 14100, 14870, 31001, 14750, 11300, 11301, 11046, 14763, 30380, 31028, 14531, 22600, 14543, 22101, 22102, 22103, 22111, 15200, 22500, 11110, 30311, 14063, 11250, 22004, 22008, 14073, 14076
27200, 27000, 27300, 15110, 23110, 15240, 30380, 15503, 23120, 27410, 22036, 22008, 30330, 10140, 15231
23110, 24010, 25101, 22002, 22102, 22111
14852, 20101, 22020, 15110, 14860, 25101, 27410, 22035, 25111, 25112, 22171, 22172, 10141, 27300, 24101, 30380, 20014, 24111, 23110, 22601, 24010, 24011, 22603, 22102, 22103, 23132, 22111, 11500, 22001, 22130, 22004, 27002
14080, 15202, 14091, 30380, 11532, 14092, 23120, 25111
27200, 15115
11104, 11233, 15200, 11300, 24101, 15110, 10151, 30380, 22671, 10002, 14802, 22610, 10131, 11222, 14105, 11102
14080, 14081, 14082, 14596, 10119, 27400, 14090, 11532, 11533, 22030, 14861, 14222, 14092, 10132, 10141, 32416, 30380, 31024, 34225, 30514, 14131, 14130, 14141, 14142, 24000, 14275, 14403, 22103, 14300, 23134, 15202, 11240, 15211, 15212, 30320, 30321, 22002, 22005, 14200, 14714, 14206
11233, 11301, 11303, 15114, 15115, 15130
