0, 14338, 10637, 14350, 15631, 10129, 14098, 11164, 14622, 30248, 15038, 14152, 10060, 10068, 10198, 15066, 14810, 10719, 10080, 14435, 11108, 14442, 14443, 14445, 14319, 14705, 14322, 14079
0, 14435, 14796, 14160, 14357, 14366
0, 14084, 15012, 11079, 30248, 14121, 14314, 15052, 14160, 15092, 15094, 14393, 14267, 14396, 15039
0, 14177, 11137, 14338, 14117, 30248, 11209, 11343, 14810, 11347, 15092, 30804, 11094, 11351, 30170, 14203
0, 10724
0, 34060, 15038
0, 14177, 15012, 30248, 14281, 14442, 14731, 14834, 14811, 14173, 14431
0, 15009, 10209, 15641, 10086, 30248, 15052, 10094, 14580, 10068, 11129, 30170, 14203
0, 30248
0, 14338, 14727, 11144, 11150, 14098, 11154, 10007, 14366, 15009, 30248, 10163, 14133, 14393, 14524, 15548, 14268, 15038, 15052, 10064, 10706, 14803, 14293, 14038, 14041, 15066, 15067, 30170, 15073, 14177, 10211, 10086, 14573, 14191, 14322, 15094, 14333
0
15012, 10086, 30248, 14152, 14833, 10107
0, 32188, 11079, 30248, 14475, 15057, 14098, 14322, 15092, 14581, 15028, 14042, 14652
10064, 0, 10161
0, 14564, 14824, 15083, 15052, 14445, 14449, 14835, 14196, 10069, 15094, 14168, 14362, 14556, 14622
30248, 0, 10086
0, 11129, 32295
0, 30248, 10124, 30835, 11129
0, 15009, 11036, 11129, 11209, 15052, 14224, 14322, 11026, 14229, 14265, 15066, 14044, 15038
0, 30248, 10730, 10029, 14160, 14391, 14810
0, 15590, 15631, 14810, 14268, 14079
14258, 14196, 14727
0, 15038
0, 30248, 15052
0, 14627, 15012, 14794, 14362
0, 31104, 10211, 15012, 15011, 14372, 11079, 30248, 14832, 15057, 11154, 15092, 14265, 11227, 14044, 10045
0, 14650, 14622
0, 15590, 30248, 15052, 15631, 15026
15552, 10016, 0, 15012, 14245, 30248, 14281, 11215, 15039, 14071, 14622, 11039
0, 14082, 15011, 15012, 32133, 14435, 30248, 14313, 15052, 14031, 14224, 14322, 11123, 15028, 15060, 32183
0, 10083, 10632, 30248, 10091, 14475, 14539, 11026, 10164, 10619, 14622
0, 14338, 15094, 14044, 14366
0, 30248, 15066
30248, 14667, 10702, 10161, 14742, 14556
0, 14041
30248, 0, 15631
0, 30248, 15052, 14366
0, 15009, 11338, 10062, 11093, 30170
30248, 10060, 32133
0, 15092
0, 15012, 30248, 10060, 15631, 10063, 10706, 10036, 10007
0
0, 14330, 14531, 10060, 15631, 10064, 14545, 14008, 14362, 14811, 15039
0, 15060, 11100, 10199
0, 15052
0, 15631
0, 15012, 14281, 15631, 15094
0, 11114, 11133, 14173
10104, 10091, 10083, 32295
30248, 15012, 15631, 15039
0
0, 30248, 30825, 14218, 14418, 14804
10060
0, 14213, 30798, 14032, 10142
0, 15012, 10060, 15026, 15039
0, 11106, 15590, 14442, 10064, 14805, 15094, 10106
0
0
0, 14145, 14177, 15012, 31019, 15038, 14043, 14366, 15039
0, 15012, 14118, 14366, 15039
0, 30248, 14330, 15049
0, 14177, 30248, 10060, 10161
0, 15011, 15012, 30248, 15631, 15038
0, 14753, 14177, 15012, 15052, 14035, 10068, 15094, 11385, 14076, 15038
10080, 0, 10086, 10060, 10007, 10652
0, 10211, 10086, 14313, 10702, 14735, 14737, 10706, 11026, 14322, 11093, 11288, 11129, 10714, 10106
0, 10080, 15012, 30248, 15092, 14740
0, 14425, 10086, 14600, 30248, 14345, 10030, 14079, 15094, 11129, 14810, 14141, 15039
0, 30248, 14830, 14449, 33042, 14168, 11129, 30170, 14173
0, 30250
0, 15077, 32295, 30248, 15061, 30170
0, 14753, 15009, 14788, 15012, 30248, 14261, 14265, 15039
0, 14241, 30721, 30248, 14345, 10060, 15052, 14322, 14196, 14071, 15066, 15644, 15038, 14622
0, 34801, 11204, 14246
0, 15012, 30248, 15631, 30742, 14458
0, 10706, 14160, 15631
0, 15052, 11149, 15094, 15039
0, 15012, 11079, 30248, 14799, 15060, 15092, 14330, 15644, 10045, 11390, 15039
0, 15045, 15631
0, 14116, 10086, 30248, 10094, 10107, 14622
0, 10086, 30248, 10094, 15631, 14362
10080, 10053, 30248, 14281, 10163, 14196, 10107
0, 30248, 15094, 15631
0, 11394, 30248, 10062, 14160, 10068, 15094, 10007, 14079
0, 14177, 14049, 14362, 15012, 10060, 14196, 14168, 14010
0, 14258, 14539, 14804
0, 30146, 11079, 30248, 15052, 14318, 14098, 14261, 15039
0, 14022, 14573, 14160, 14200, 14043
0, 10086, 14110
0, 10652, 10086, 15039
0, 14203, 14200, 14615
0, 30727, 14088, 30248, 14570, 14475, 15631, 14258, 15031
0
0, 14224, 15001, 15012, 30248, 30256, 14005, 14393, 15038, 14784, 15045, 15052, 14036, 15577, 14042, 14810, 14313, 15083, 11116, 14189, 14191, 14319, 15094, 14333, 14079
0, 10211, 15012, 15653, 30248, 10003, 10163, 14069, 10715, 10107, 15039
30248, 0, 11164, 10086
0, 14177, 14626, 15011, 30248, 14345, 14794, 15083, 10060, 10655, 15631, 15039, 14041, 15060, 15094, 14615, 14329, 15647
0, 10086, 30248, 14281, 14196, 11284, 15039
0, 15012, 14341, 10086, 30248, 15631, 15632, 11375, 11224, 10137, 10045
0, 30248, 10211, 10086
0
0, 11163, 15012, 15590
0, 10083, 10086, 30248, 15052, 10068, 15039
0, 30248, 14794, 30352, 11221, 14809
14627, 30248, 11209, 14281, 14475, 11116, 14445, 14322, 15092, 14102, 14648, 11097, 14173, 30046
0, 10657, 14338, 10053, 30248, 10094, 10062, 14322, 10104, 10107
0, 15012
0, 30248, 15012, 15039
0, 14213, 30248, 14160, 14032, 15094, 15039
0, 15003
0, 15010, 15083, 10091, 15052, 15063, 15039
0
0, 10628, 10119, 10103, 10104
32064, 0, 14051, 15012, 14245, 30248, 10062, 14225, 11026, 14258, 30170, 14805, 11385, 11098, 14173, 15039
0, 15624, 10091, 15057, 14265, 14366
0, 30248, 11114, 15092, 14173, 15038, 15007
0, 15624, 30248, 14218, 11219, 15060, 15094, 15039
0
0, 15012
0, 14341
14152, 10062, 10063, 10068, 10069, 10007, 10107
0, 14177, 14306, 15074, 14149, 34214, 14794, 14110, 14544, 30228, 34005, 14366, 34846
0, 14177, 14245, 30248, 10060, 15631, 30170, 14196, 14102, 14071, 15094, 33017, 14810, 15039
0
0, 15590, 30248, 14281, 15052, 10124, 30256, 15060, 14460, 15039
11026, 10086
0
0, 14623
30248, 0, 15092, 15039
30248, 14088
0, 15009, 14051, 30248, 14152, 14475, 14196, 15094
0, 14160, 15094
0
0, 14319
0, 14265, 14213
0, 10106, 10060, 15094
0, 15012, 32133, 10086, 30248, 14350
0, 15012, 30248, 15092, 10199
0, 15002, 15045
0, 14354, 14012, 14319
30017, 14753, 15012, 30120, 30248, 30123, 30734, 14703, 30832, 14041, 14652, 14622
30248, 0, 10086
0, 14377, 10706
0, 15039
0, 15012, 15078, 30248, 10060, 14418, 14322, 15094
0, 30248
0, 15009, 15012, 15655, 30248, 15631, 14544, 10705, 14330, 14331, 15039
0, 14177, 10086
0, 14225, 15631
0, 30248
0, 15616
0, 15039, 15631
0, 11385
0, 15094
10103
0, 30721
0, 30248, 10060, 10045, 15039
0, 11258, 14404, 15012, 30123, 15083, 30170, 14545, 11123, 10068, 14231, 15066
0, 30046
0
0, 14177, 15083, 10064, 15094, 14746
0
0, 30248, 11156, 15045
0, 15009, 14835, 14265
0, 15009, 15094
0, 14225, 15094, 15671, 14265, 14810
0, 30248, 15631, 10068, 14039
15092
0, 14152, 10148
0, 10107, 15094
0, 14443
0, 30248, 14121, 14225, 14265
0, 10692, 15631, 14160, 30833, 14012
0, 15073, 15009, 14362, 14435, 30248, 15052, 10124, 14322, 15092, 15094, 14265, 11130, 14622, 15039
0, 10106, 14443, 10086
11136, 0, 14112, 30248, 14345, 14366
0, 14177, 14148, 14740, 15094, 14712
0, 30248
0, 14084, 15012, 30248, 15057, 15094, 11129, 15039
0, 30080, 15012, 15052, 15631, 30228, 10069, 15583
0, 14281
0, 14366
0, 14372, 14151, 30248, 14810, 14322, 10069, 14809, 14330, 14652, 14622
0, 30248, 15012, 15094
0
0, 14784, 14306, 14145, 14213, 10091, 15052, 14798, 14031, 14160, 10706, 10068, 14810, 33054, 14079
0
0, 30248, 32295
0, 10086, 10632, 11151, 10675
0, 15094
11032, 0, 15631
0
0
0, 11334, 15052, 11148, 10706, 14805, 14622, 15039
0, 15009, 15012, 15049, 15052, 15092, 14651
0, 14112, 15012, 10724, 30727, 15052, 30253, 10124, 30256, 10608, 14098, 30322, 14032, 15094, 11223, 14200, 30170
0, 15012, 30248, 15631, 15060, 15094, 15067
15060, 15631, 15023
0, 15009, 15074, 10086, 15590, 30248, 14444, 11154, 15092, 10741, 31095, 10047
0, 10086, 15039
0, 30248, 15074, 15060
0, 30146, 15045, 14213, 31017, 15052, 10060, 14810, 15067, 30204, 14079
0, 14173
0, 30248, 14475, 15123, 30355, 15092, 10007, 11130, 15039
0, 14051, 14435, 10211, 30248, 10062, 10163, 10005
0, 30046, 10086, 30248, 14729, 14728, 15052, 11385, 15003, 15038
0, 14354, 10086
14458, 14622, 15631
0, 11008, 15078, 10086, 30248, 10124, 30060, 10033, 11221, 30293, 14168, 30170, 11131, 14622
0, 30248, 14224, 14069, 15094, 15039
0, 15012, 15045, 15083, 10060, 31027, 10711, 15039
0, 15012, 14404, 10123, 15094
0, 14208, 14051, 30216, 14442, 14350, 14225, 30170, 14395
0, 15009, 10084, 30248, 14313, 14071, 15083, 15092, 15094, 15031, 10038, 15066
0, 30248, 14281, 14767, 15094, 10106, 15039
0, 10659, 30248, 14678, 10198
0, 14372, 14245, 30248, 14281, 14442, 15052, 10060, 15038, 14322, 15092, 14229, 14071, 14622
0, 14322, 30170, 10107
0, 15012
0, 15011, 15092
0, 30170, 15012
0, 15094
0, 30340, 30829, 14225, 14098, 14421, 14005, 31166
0
0
0, 14177, 15052, 15094, 10007, 15039
0, 14177, 14051, 15624, 31017, 15052, 31088, 14322, 10706, 14196, 31133, 10715, 14173, 14622
0, 14338, 15564, 15052, 14449, 14268
0, 30248, 30764, 14031, 14098, 14810
0, 14177, 14247, 14783, 10060, 14191, 15094, 14043, 15039
0, 14355, 30355, 14104, 14622, 14623, 15009, 14117, 32295, 30248, 30253, 14769, 14267, 14396, 15039, 15052, 30798, 10062, 10064, 15577, 30813, 15073, 10106
0, 30180, 15045, 11079, 30248, 14123, 15052, 14033, 30170, 11154, 15094, 11129, 14362, 14396
0, 15012, 15094, 15039
0, 15011, 14372, 10086, 30248, 14281, 15052, 14196, 10710, 14362, 14397, 10106
0, 15012, 15078, 30248, 14443, 15039, 15092, 15060, 15094, 14330, 14079
0, 10123, 15631, 14098, 14231, 14362, 14366, 14623, 32295, 30248, 14123, 14268, 14145, 15045, 14544, 15060, 14167, 14168, 30170, 15066, 14044, 10719, 10094
14082, 10632, 30248, 14442, 14475, 14281, 10706, 14196, 11327, 14719
0, 15009, 34079, 34854, 14822, 34214, 15083, 34060, 10703, 34128, 15039, 14803, 14100, 15094, 14168, 30717, 14463
0, 14752, 10086, 30248, 14810, 14301, 14079
0, 11106, 14051, 15012, 30248, 10091, 14225, 14162, 14545, 30004, 14041, 14810, 14366, 14622
0, 14338, 10211, 14788, 15074, 30248, 14475, 14350, 14322, 14233, 15066, 14265, 15038
0, 14208, 14345, 15631, 15123, 11159, 15644, 33054, 15009, 15011, 15012, 11048, 14265, 14784, 15045, 14152, 14160, 10091, 14191, 14322, 15092, 15094, 15100
0, 15052
0
0, 14088, 30730, 15001, 14366, 11051, 10163, 14650, 14780, 14781, 11079, 10063, 14544, 11217, 15060, 15066, 14810, 15067, 14313, 15082, 15083, 14318, 30833, 15094, 10106
0, 15039, 30248, 15631
0, 14168, 15590
0, 10062
0, 14338, 10124, 34832, 15123, 15002, 14622, 15009, 14241, 30248, 34224, 31027, 30262, 14268, 15038, 15039, 10060, 15052, 14544, 34003, 30170, 10086, 14694, 14189, 30192, 14705, 14322, 30833, 14580, 14196, 15094, 14069
0, 15012, 10086, 15631, 30192, 10706, 14322, 14196, 15092, 15094, 14519, 14366
0, 15073, 14362, 10086, 15078, 14665, 15031, 10154, 15631, 14322, 10741, 15094, 14071, 10106
0, 15009, 15012, 10086, 30248, 31053, 15631, 14803, 10164, 15094, 31134
0, 15590, 15631
0, 15011, 15012, 15052, 15564, 15060
0, 14082, 14116, 30248, 14123, 14449, 15094
0, 15052, 10029, 10066, 14035, 15039
0, 10080, 30248, 14826, 10060, 10163
0, 30216, 33033, 30105, 14366, 14112, 15011, 14076, 32036, 30248, 31027, 30262, 15031, 32059, 14652, 30017, 11204, 15052, 15057, 14804, 11222, 14168, 11227, 36060, 14045, 30826, 30186, 30832, 34804, 15094, 33020
0, 14177, 15012, 14440, 30248, 14442, 14281, 14445, 10127, 30833, 14622
0, 15012, 30248, 15094, 11224, 15067, 15548
0, 14016
0, 15012, 15557, 30248, 10060, 14799, 14032
0, 14785, 14080, 15011, 14784, 14372, 15052, 10097, 14322, 10741, 15094, 14293, 14168, 14746, 15036
0, 15092, 15012, 14622
0, 14236, 15039
0, 15052, 15631, 15028, 15094, 14043, 14301
0, 15012, 14213, 14160, 14386, 33046
0, 15074, 11146, 14319, 14705
0, 14366
0, 10691, 11048, 15052, 30170, 10106, 15039
0, 15012, 30248, 15052, 15057, 15094, 15001, 30170
0, 14794, 14475
0, 10080, 14177, 15012, 14116, 10730, 15083, 14173, 14322, 14098, 15094, 15067, 14044, 31165, 15038, 15039
0, 34017, 34079, 34764, 34129, 15092, 15094, 11224, 11258, 34078, 34175
0, 30248, 15092
14208, 10211, 10086, 30248, 10697, 14442, 14444, 14445, 11118, 10702, 10060, 10703, 11154, 14196, 14612, 10068, 14041, 10106, 10107
0, 14265, 15052
11392, 0, 10727, 30248, 11159, 11123, 34039, 11385
0, 15052, 10060, 14322, 15094
0, 14112, 10211, 15011, 15012, 34855, 30248, 15083, 10062, 14160, 14032, 14261, 15094, 30235, 14810, 14203, 14012, 14366
0, 14338, 30727, 14475, 14098, 14357, 15012, 34214, 30248, 14121, 14249, 15545, 11327, 15039, 14145, 15052, 15564, 10063, 10064, 14160, 15060, 14805, 14168, 15066, 14173, 11229, 14301, 14177, 15590, 14189, 14319, 15092, 14333
0, 15012, 14788, 14213, 15060, 15094, 14810, 15548
0, 15012, 30248, 10060, 10062, 14832, 15094, 14366, 15039
0, 14035, 15012, 14118
0, 15012, 30248, 11209, 15052, 14318, 15631, 15060, 15094, 15576, 15039
0, 15009, 30248, 10062, 14545, 14267
0, 14338, 14160, 14098
0, 15009, 15045, 15026, 14293, 14044, 15039
0, 10659, 14118, 15052, 14544, 15094, 14743, 30170, 10107, 15039
0, 11106, 14531, 15012, 14726, 30248, 14345, 15052, 14126, 14127, 14830, 30193, 31027, 14580, 14197, 31030, 14168, 11131, 11388, 31133
0, 15009, 30248, 15624, 30798, 15094, 15066, 10107
0
0, 10086, 30248, 15052, 14544, 11123, 15094, 14810
0, 30248, 14281, 14322, 14196, 15094
0, 15052
0, 30248, 11114, 14443, 10125, 11345, 15094, 10107, 14366
0, 14208, 32133, 14350, 14231, 14233, 14362, 14245, 34214, 30248, 14258, 31168, 15052, 10060, 14545, 10706, 14422, 30170, 14051, 10086, 15590, 14322, 14196, 15094, 11385, 14460, 14079
0, 15012, 11049, 11344, 15092
