10119, 14596, 10119, 11511;11020, 27000, 25120;23113, 15005, 23113, 15130;27000, 25120, 25111;27200, 27300, 27002, 27000;25112, 14863, 15242, 14112, 25120, 27000;14121, 27000, 27000;22008, 14831, 10110;15004, 27000, 14101;23132, 27000, 27300, 14121;27000, 27000, 27300;14121, 27410, 22102, 22172, 25101, 30380, 22002, 22102;27002, 27002, 27000, 27000;22040, 24000, 22171, 10201, 14834, 24000, 14903, 14835, 22111, 14900, 27300, 10136, 27300, 22102, 10132, 30380, 14860, 14834, 14834, 21700, 10401, 10300, 10300, 10300, 22170, 22103, 22130, 22120;14092, 14092, 14091, 14402, 14091, 30380, 14092, 14092, 22030, 22030, 14121;22030;27410, 27410, 15004;
20121, 27410, 24101, 22601;25111, 25111, 20121, 20103, 20014, 14121, 25111, 25101, 27000, 27000;14831, 22102, 14900, 14900, 14830, 20014, 14750, 24101;
15114, 14770, 30380, 14837, 15110, 15130, 24110, 23132, 15114, 22036, 22802;15130, 14533, 15110, 15110, 14534;15110, 15110, 15130, 15130, 15130;23121, 15130, 11501, 15114, 15130, 23132, 11501;14770, 23130, 23131, 14534, 15114, 15114, 14570, 15200;15130, 15110, 15130, 15114, 15110;14260, 15200, 15114;22600, 22671;14636, 24111, 14636, 15110;14636, 15110;
15130, 14860, 14860, 11205, 11205, 11205, 11205, 11231, 30320;11300, 11220, 27000, 14721, 11300, 22020, 14826, 30380, 11300;11303, 11233, 14903, 14903, 14903, 14903, 11230, 30233, 11301, 11231, 14830;
22036, 22036, 10110;23110;
27410, 27410, 25101, 27200, 27200;34713;27000, 25111, 27210, 15242;25101, 27200;
23110, 27100, 15139;14243, 15110, 14075;14060, 14722, 14722, 14722, 14722, 14082, 14052, 14054, 14092, 14851, 14722, 30380, 30380;
11521, 10152;15230, 14750, 15110, 10152, 10151, 22500, 10300, 30380, 30541, 15010;14830, 30380, 10133, 10151, 10151, 10151, 10151, 10151;10151;
23120, 23134, 23134, 27000;30380, 23134;
27200, 24220, 24220, 27200, 15469;14100, 14510, 27300, 10001, 22020, 15110;15469, 10150, 14636, 27200;10001;10000, 14100, 14270;22035, 10000;10002;23110, 15243, 15202, 15115, 10150, 14831, 10150, 15469, 14830, 11303, 14015, 30380, 14804, 14833, 11044, 14811, 14300;14655, 10312, 10310, 14721, 22001, 11104, 10119, 10119, 30380, 14402, 15242, 27200, 15110, 27200;10119, 10119;14900, 14903, 27002, 14903, 10000, 27002, 27002, 30380, 15115, 14903, 14831, 14905, 22020, 15402, 14903;11111;10119, 11532;11231, 30541, 15231;
22030, 27410;
15115, 10119, 14140;30380, 14120, 15115, 15115, 15115, 10140;
14822, 14753, 22102, 22601, 15130, 22008, 30380, 14822, 14905, 14905, 14905, 14905, 14905, 14905, 11502, 11502, 14905, 11502, 14905, 14905, 14905;40000;15022, 22008, 14105, 14222;32316, 14222, 14080;40000, 40000;23120, 15503, 30380, 27410, 14222, 22020;15022, 14222, 14222;27100, 30380;
10001, 27000;10002, 10002, 27000;
10150, 14121, 23120;24011, 27400, 14082, 14352, 15115, 14091, 14091, 14001, 14013, 23110, 27410;27400, 14082, 23110, 23121, 14862, 14076, 14131, 27410;15004, 15004, 27410, 15115, 27400, 23120;23132, 27410, 23131;14091, 15004, 14082, 11501, 14031;
10141;30380, 23120, 10119, 10141, 27410, 27410;
32143, 21400, 27002, 11531, 25005;11521;
27000;27000, 10119, 10119;27000, 27000;27000;27000, 10119;10119, 10119, 27000;27000;10119, 27000, 10119;27000;10119, 11521, 10119;23132, 30380, 30340;
27200, 14630;14013, 14072;14630, 14630, 14596, 27002, 11531, 14013, 15230, 14072;11056, 11054, 11054, 11300, 11056, 11054, 11056, 11300, 11054;22035, 22036, 27002, 22008, 14661, 25101;14072, 25101, 14013, 15242, 27002, 22007, 15004, 15004, 15231, 15230, 15605;22002;
10300, 22630, 22036, 22002, 10300, 11312, 22631, 14774, 10310, 22020, 10310, 30380, 14861, 14860;25120, 22111, 27002, 27002, 30380, 22036, 14750;
11111;27410, 21801, 24401, 15114, 23110, 15114, 11500, 25100, 22610, 23110;25101, 15119, 14520;14860, 14863, 14860, 27300;
14100, 14222, 14091;14100;
23110, 15263, 23110;
15112, 23110, 23110;30380;
40000;22004, 14082, 14084, 14407, 22111, 25121, 22007, 25121, 22103, 25121, 23132;15113, 15113, 22008;
15115, 22008, 15503, 30380, 31023;23131, 30380, 15130, 11532, 11532, 10112, 10111, 23131;15115, 14074, 15115, 15115, 15115, 22802, 15115, 11011, 15115, 15115, 22102, 11500, 11501, 11501, 11501, 11532, 11532, 11230, 11500, 15000, 30380;14010, 23110, 14060, 23132, 14073, 23131, 14013;11532, 11532, 11303, 11230, 11303;
11141;14525, 14014;11141;
25120, 22102, 15114;15114, 15130, 15114;27000, 23132, 22002, 30380, 15110, 15110;15114, 22002, 15110, 15110, 15114;15114, 15114;
15019, 10112, 14092, 14092, 14092, 14092, 14092, 14092, 15114, 30380, 30380, 15110, 14092, 14092, 14092, 15019, 10112;11231, 11220, 11200;15110, 14092, 14092, 14092, 14092, 14092, 14092, 14092, 14092, 14092;
27002, 32416, 15115, 15115, 11501, 11501, 15115, 30380, 15000, 23110, 15114, 11501, 11501, 23110, 15115;14050, 14596, 14661, 27400, 15022, 15402, 15115, 24010, 15110, 27002, 30380, 14917, 14722, 14050, 14121, 32316;
10435, 10300, 10300, 10300, 10300, 30380, 10141, 10435, 11057, 10435, 10435;10501, 32736;14092, 14231, 10300, 10300, 10300, 14090;
25111, 25111, 25111, 25111;25101, 25101, 25101, 15200, 14594;14831, 25111;25101, 25101, 14900, 14900;25111, 25111, 25111;
27200;22102, 22600, 22102, 23110, 15242, 22103;30380;27200;27002, 27002, 27000;27002, 23132, 22101;11110;25101, 23112, 25111;22102, 23110, 22111;
14130, 14130, 10008, 14722, 30380, 14143, 14143, 10002;
22701, 22500, 14300, 22702, 22008, 22601, 22002;22500, 22000;
15119, 15119, 15119, 30380, 22036, 24101;
27002, 23110, 24000, 23134, 24403, 24401, 15202;21700, 24111;24401, 22021, 27002, 27002, 23110, 15202;24403, 21700, 23110, 24401, 23131, 23134, 23134, 30380;24401, 23131, 27002, 23110, 15202;23110, 24403, 14802;24401, 15202, 23131;
23131;23131, 11521;11052, 10141, 11044, 15235;11051, 30511, 22020;34363, 34363;
30380, 32416, 10141, 10141, 10141, 10141, 10141;
15130, 27000;27300, 25110;
27000;27000;25101, 25120;27200;25101, 27410;25101;40000;27200;27000, 27410;40000;40000;27410, 27410, 27410;40000;40000;40000;27200;40000;27200;25100, 27200;23131;27200;40000;27000;27002, 27002;25111, 25120, 27300, 27300;27200, 25120;25120, 27000;15110;25120, 27000;27410;22000;27000;20121;25111, 27000;15113, 15113, 15113, 15113;27300, 30380;27000;10501;27000, 23132;10008, 10000, 10140, 10002;27300, 27000;22036, 22000;
40000;40000;
10131, 15110, 15110, 22034, 22008, 10131;22671, 15119, 10131;10131;10131, 15116, 15116, 15116, 15116, 14873, 15116, 15116;15116, 15116, 14243, 10131, 10131, 15110, 14082, 15110;14750;10131, 23132;15116, 14928, 10131;10131;25120, 27400, 10131, 10131;24010, 10131, 10001;10131, 24010, 10001;24010;14873;22111, 25120, 10001;22001;10131, 15116, 10001;14842, 10131;
11111, 11250;10140, 10140, 10140;15405;
15111, 27410;27200;23113;
27000;25101;25120;25111;27000, 27000;25101, 27300;15119, 22000;25101;27000;22021;25101;25101, 22671;27000;25120;27000;25111;22036, 15119;27000;25101, 22671;25120;25101;25111;27000;25101;25101;27000;25101;25101;25101;25101;25101;25101;25101;22020, 22111;27210, 27210;25101;22100;25101;22036;22035;25120;25120;25101;25120;
15115, 22034, 15114;15115, 27200, 15115, 15115, 15115;27200, 14092;27400, 25111, 15202, 15202;27000, 27000;
27300, 27300;14022, 14020;11300, 11044, 11303, 11501;
32143;10501, 10501, 10300;
15130, 15130;15130, 15130, 15130, 30380;15130, 15116, 15110, 30380;
22111, 22102, 22101;25111, 25111, 22030;
25101, 27410, 27000, 27100;14216, 14943, 14943, 14943, 21801, 21801, 21801, 14205, 14205, 14205, 30380, 27400;27000, 27000, 27100, 27410, 27410, 23131, 25111, 27002, 30380;27400, 27000, 30125, 27410, 30380, 25111;
10132;
21021, 21021;14750, 14860, 14860, 30357, 14750, 14750, 14750;10502, 10502;22020;10502;22101, 22130, 10502, 22172, 22130, 10502;10502, 27410, 10502;
15130, 27410, 27410;10132, 15110, 15113, 27410, 27410;10132;
14112, 27000, 11200, 14092;15139, 15202, 27000, 10131;10002, 27000;
22035, 24010, 24010, 24011;24010;24010;24010;
24011, 27300;22102;
22002, 22010, 22020, 23134, 27410, 22030;27000, 22103, 22102, 27410, 22020, 27410, 22002, 22030, 22130, 27000;23134, 23113, 14812, 22002, 14802, 22030, 27000, 27000, 27410, 27410, 25101, 22035, 27000;15114, 22030, 22500, 22020, 22500, 22170, 14820, 25101, 27000, 27000, 23134, 27410, 23112;15242, 27410, 27000, 22102, 23134, 25101, 22020, 22000;14721, 31021, 15114, 27000, 25101, 27000, 27410, 22000;
24011;27410, 22035, 25101, 27410, 22102, 15114;25101, 22020, 22030, 27000, 27410, 27000, 23134, 27000;27410, 22030, 27000, 14802, 14906, 15114, 27410, 25101, 25120, 27000, 22101;25130, 27410, 27000, 22102, 22036, 22013, 22041;
22170, 14836, 30380, 27410, 15320, 22103, 22102;27000, 27410, 22102, 22103;
14721;10117, 30380;10141, 10002, 10141, 10110;22102, 10002, 10002, 10002, 10141, 27300, 24011;10002, 10141;
15000, 30380, 15110, 24010, 22800;27300, 22103, 22102, 22100, 22103, 27300;27300, 27300, 15242, 15110;27300, 23113, 22036, 15242, 27300, 23110, 15119;
22821, 22034, 15605, 25120, 22008, 22034, 27201, 22172, 22500, 25120, 15242;15242, 14222, 10141;27000, 27100, 14721, 27100, 23110, 15114, 15200;11522, 14230, 15202, 27000, 25111, 11533, 15242;15115, 14800;
10113, 27000, 10119, 27000, 27000, 27410, 10141;10132, 10132, 10132, 10132, 10132, 10132;10141, 10141, 10000;
10135, 27410;27000;27410, 10002, 27200, 10116;10008, 27000, 10002;27200, 10150, 10110;11300;11057, 11044, 10119, 11522;10119;14071, 27000, 27000, 14051;27000, 10150;23110, 10130, 23110;14733, 14722;
14200, 15130, 27300, 27300, 27410, 27410, 10200, 25111, 23132, 15114, 30380, 15115;40000;15110, 15130;
14070, 15114, 15110, 15110, 22005, 11531, 30380, 22001;14861, 14860, 22630, 30380, 14811, 22035, 14584;10400;15130, 30380;15202, 15605, 14541, 10141, 10141, 10141;
14022, 30320, 33026, 22035, 14022, 14022, 14022, 14022, 14022, 23120, 14073, 14013, 30380, 30444;22035, 24220, 14076, 22035, 27002, 27002, 11521, 25101, 27000, 27000, 27100, 27100, 34631, 14022, 34631, 11521, 30380, 24011, 14076, 14021, 22111, 25120;
23132;25101, 27410;30100, 25111, 22671, 27410, 30100;27410;25111;
32917;32917, 15100, 30500, 30380, 15149;
14013, 23113, 14222, 14253, 15231, 15231, 15110, 27002;15130, 14013, 14013, 15231, 23120, 15231, 30380, 14814;
14080, 15004, 14722, 15004, 15004, 15004, 14091, 23113, 14080, 30380, 15029, 15029, 15029, 15240, 14530, 15242;14092, 22007, 14091, 30304, 14722, 10141, 30380, 15110, 14092, 14092;
11241, 34133, 14844, 11301;34133;
27410, 15110, 30380, 22671, 22671;30503;15130, 30380, 27000;27000, 27300;15110, 30380, 15130, 22030;14021;
22102, 27002;27002, 15119;14710;27002;27002;27002;10119, 23110, 22111, 24101;
11533, 15110, 15200, 27200;15202, 15202, 15202;
11502, 11230, 11303;23113, 15130, 34304, 27300, 15433, 14800, 34304, 10100, 30380, 24010, 15130;23110, 30380, 27240, 14754, 15433, 14836, 15115;23113, 15114, 15029;
15130, 25120, 15004, 27200;15130;25111, 25111, 27030;
14054, 10141, 27410, 25111, 27000, 10152, 27000, 30380, 27000, 27300, 10130;27000, 27000, 27000, 27000, 10132, 14015, 10132, 10132, 10133, 27000, 10141, 14015, 14054, 10152, 14054, 27300, 30380;
22071, 10152, 27000, 30380, 10152, 27410;23110, 25005, 10132, 23120, 23134, 30380, 15114, 14082, 25121;15114, 25005, 20110, 25111;
14092, 14091, 14092, 14092, 10002, 10119, 30380;10141, 14092;10141, 14092, 14092;
15115, 27410, 27200, 27410, 24401, 30380, 24011, 15130, 24401;30380;
22001, 10000;11301, 11301, 11301;22671, 24010, 14863, 10000, 10000, 25120, 27410, 27002, 10000, 30380, 15114, 24401, 14820;
10130;23142;14090, 10130, 23131;10132, 10130, 23142;23110, 23142, 15110;23110, 10132, 10132, 14076, 14731, 14721;14077, 14090, 14082;
14215, 14222, 23132, 23110, 23132;14231, 14215, 14242, 14234, 23132, 23134;
15114;15110, 15110;22005, 30364, 15114, 30380, 22008;22631, 11504;22111, 22102, 14843, 24100, 30380, 22170, 14815, 14811, 22102;27200, 27300, 15605;
14820, 14802, 14802, 22171, 22171;14750, 14833, 22111;22180, 22180, 22111, 14750, 14750;22102, 23132, 23132, 14831, 27000;
14593, 14593, 14593, 14593, 14593, 14593;10141, 27200;
15130;10141, 10119, 10119;11110;
14833, 22172, 22021, 22111, 22100, 14830, 22101, 22100;22102, 22172, 20121, 22103, 22102, 22103, 22103, 22101, 22111, 22190, 25101, 22005, 23132, 27100, 22111, 22850;11110, 11110;22103, 22111, 14802, 22601, 22610, 22100, 21801;
24101, 24101, 27400, 15110, 30634, 14275, 22001;22100, 14830, 22102, 22500, 14222, 25101, 24101;21011, 22190, 21021, 22111, 22102, 22102;14222, 21021;14714, 24101, 21021, 24101, 22500, 27300;24101, 22601, 22602, 22103, 22622, 15501, 24101, 21021, 30380, 22603;25120;
27002, 27000, 22103, 27000, 23110, 27000, 22111, 22601;11110;22630, 22002, 27000;
15202, 27100, 15200, 15004, 14721, 14721, 14636, 15004, 14661, 14830, 14830, 15004, 14661, 14663, 22701, 15200, 14636, 14661, 14916, 14636, 14663, 27100;11210;30131, 14661, 22603, 14661, 22830, 15503, 14644, 14644, 14863, 14830, 22802, 14636, 14636, 14661, 14655, 15101, 14860, 14905, 14870, 14654;15114, 15200;15200, 14916, 22671, 15114, 30380, 23110, 15004, 27100, 23113;11110, 11110;15200, 15004;
15110, 27410, 27410, 25100, 30380, 23141, 22030;10150, 10002, 10109, 10119;15119, 27000, 27410, 15110, 10002, 14515;
30380, 11222, 11222;10141, 10141, 27410, 27410;30380;
15110, 15323, 20110, 14530, 14276, 14276, 20014, 14405, 14405, 30380;25101, 14721, 30380, 15119, 22102, 14833;14654, 25101, 22102, 25101, 30380, 14300, 25101;22102, 21801, 20014, 10141, 10141;15433, 22102, 22111, 15263, 15200, 22111, 22100, 15435, 30380, 22111, 27300;22102, 10401, 10401, 10401, 30380, 15110;15402, 22111, 22500, 15430;
25111, 27410, 27000, 14092, 27400, 14091, 25111, 15139, 15139, 15114, 27410, 27410, 14091, 30380;11052, 11054, 23142, 27000, 11052, 30380, 27000;10141, 11052, 11501, 11501, 15139, 30380, 10141, 11054;40000;
22130, 15114, 15140, 15119, 36030;10141, 11533, 10100, 11533, 23110, 10119, 11110, 14721, 30380, 10119;27410, 27300;11300;11302;25100;27410;25111, 25111;
22007, 22007, 30380, 22101, 27300;10150, 27002, 10141;27002;
23110, 23110, 11200;23110;
11110, 11022;15202, 15110, 27000;
10141;10501, 10501;10141;22008, 27400, 25111, 27000, 30380;27410, 27200, 15114;15130, 15139;10141, 10141, 10141, 10141, 10141, 10141, 30380;22511;25111;23110;27200, 27400, 15130, 15110;25111, 27200;27200, 30380, 27410, 15115;
22102, 22103, 27000, 30380, 27410, 27410;27400, 27400;30380, 27400, 22000, 27200, 27410;27410, 11231, 27410, 14400, 14409, 27000, 27000, 27000, 27300, 30448, 22000, 23110, 11250;27410, 27200;
11300, 14091, 11212, 14080, 14022, 30011, 14052, 11230, 15130, 14090, 14092, 14033, 30380, 14054, 14054, 14223;
10150, 10141, 25111, 10150, 10150, 10150, 23110, 30380, 10141, 25111;10502;14903, 30380, 23110, 27410, 14900, 14900, 22020, 10141, 10141, 14080, 10140, 10140, 14900, 14080, 14903;27200, 27200, 30380, 10150, 14905, 25111, 10150, 23110, 10141, 14900;14900, 14900, 10000, 10000, 14900, 10150;
25101, 22671, 27200, 27000;27000;27000, 15110, 27000, 25101, 25101, 25101;27000, 25101, 22671, 25110;
15130, 27200, 27000, 27000, 25101, 15115, 25120, 15115, 30380, 15130, 15130;25120, 27002;
25121, 22021, 25101, 25101, 30380, 22020;30380, 14750, 27000, 14750, 27410;27100, 25120, 27100, 30380, 25120, 25101;14860, 14860, 14860, 27100, 14860, 27100, 14860, 14860, 14860, 14860, 30380;30380, 22601;15130, 30380, 15130, 15130, 15130;36035, 22102;30380, 24010, 15110;11301;
25405, 25101, 22850, 27002, 15343;
15004, 15262, 15263, 15263, 15262, 15110, 15004, 22102;23110;10300, 10300, 15110;15114, 15503;15114, 15110, 10300, 10300, 15503;10300, 10300;
21021, 23142, 25120, 24000, 24000, 24000;21021;
27410, 10300;10310, 27000;32736, 10501;10501;27410, 27000, 27000;10501;27000, 10152;10501;27002, 27410, 27000;27200, 27300;10501;
11022, 32316;11057;14222, 15115;11020;15130, 14000, 10110, 22008, 14092, 14021;27410;27410, 27410;27000, 14111, 27000, 25120, 10000;25120, 27100;25120;27410;11531;15110, 30321, 27000, 30380, 27400, 14132, 14132, 27400;27410;
15502, 15502, 14013, 10300, 10300, 15503, 15503;27002, 14802;
14052, 15130, 15130;11300;30380, 23120, 15130, 15242, 15450;
15503, 14203;11221, 11221, 15114, 23134, 15402, 30380, 15503, 15503;23110, 15114, 23131;23110, 23110;23120, 15114;22035, 15110, 15110, 15110, 23134, 23110;
22102, 23121, 23110, 22102, 23131, 27410;25101, 23110;
15110;22020, 22020;
14721, 22030;23110, 27410;23120, 23110, 27300, 27300;23120;
10000, 10002, 10000, 10150, 10000;10116;10140, 14121;10000, 10116, 10000;
34220, 34220;22621, 22101, 22172, 22036;34120, 34220, 34220, 14407, 22671, 14846, 14721, 24101, 34226, 22120, 22000, 14842, 14841, 14802;14593, 15410, 27300, 30202, 21801, 23120, 23110, 22102, 22172;34220, 34220;
11103;23110, 23110, 23110;14721, 14721;14860, 14860, 14860, 14860, 14860, 14860, 14860, 14860, 14860, 14860;14721, 30380, 14721;22035, 22102;14091, 14090, 15130, 14094, 14092, 30380, 14090;15114;30323, 33060;15114;14721;25101, 25101;14721, 14721;10114;
25111, 25111, 27002, 25101, 25101;25111;
22021, 15115, 22601, 30380, 15114, 22610, 15110;14092, 22101, 30380, 30131, 30131, 10119;22610, 22601, 22603, 22602, 24011, 22671, 27400, 27400, 15114, 22600, 30380, 15440, 15440, 14275;
11057, 11057, 11057, 11057;10141, 10141;
25120;25101, 25120;25120, 25120, 25101;25111, 25120, 25101, 25111;25101, 25120, 25101;25101;25120, 25101, 25101;25101;
27000;14261, 27000;27000;27000;27000;27000;
15130, 15130;30380, 22001;
30380, 14914, 14914;
27000, 15114;14209, 30380, 14120, 14131, 23135, 15114, 14091, 15230;27000, 15114;27000, 27000;27000, 27000;
22130, 22172, 24010, 22102;14771;25101;15202;25101;25101;
25111;25101;25101;
22500, 25120, 25130, 14916;
23132;14860;27002, 14010;
27000, 10137;27410;27410;27410, 27000, 25111, 27410, 10131, 27410;27000, 27000;27100, 27400, 15115, 27300;
14141, 30380, 32416, 15115, 10150, 10150, 10150, 27000, 27000;
15130, 22040, 15110;10140;30380;
15104, 15004, 22036;
22500, 22500;22101;21801, 14834, 14834, 22002;27002, 27002;24010, 24010;22500;22102, 22036, 24220;27002, 27002, 27002;14710, 24101, 14750;
30723, 30512, 30512, 30512, 30723, 14300, 15115, 14300, 14222, 30380, 30840, 14300, 14222, 14074, 30448;
10132;10141, 30380, 22030;22007, 23110, 23110, 23110, 30380;23110;
22002, 22111, 10310, 25111, 27000;25111, 27000, 27000;27100, 25101, 22102, 22036;22002, 14832, 25111, 22036, 25012;27000;25101, 22671;27000, 24000;
27410;15114;
23113, 15110, 22701, 10141, 14205, 30380;22010, 14205, 14205, 15114, 22036, 23113, 22603, 15202, 14092, 14205, 27300, 22701, 22111;24101, 10141;22701, 22103, 15110, 15110, 15113, 15202, 22008;
25100, 30380, 23110, 23110, 22021, 22102;25111;25101;
40000;15230;15110, 15115, 22035, 15110, 30380, 22002, 15250, 25111;40000;15130, 15111, 15231;20121, 23110, 14843, 14843, 14844, 14847;30380, 10141, 10141, 10141;
10141, 10141, 10141, 14722;27000;
24010;15110, 24011, 14342;14342;
25120, 27002, 22111, 27200, 27410, 27410, 27000, 27410, 27000, 30380, 30380, 23110;40000;25120;
22500;15339, 25112, 21001, 24220, 24101, 27410;22020, 25101, 22500, 25111, 22020;
15202, 15202, 22036, 27000, 27000;15130;
27410;25101;27200;27410;27200;27000;25101, 11531, 27410;25101;27000;27200;25111;27200;27200;27410;
15130, 27000;25101;
10500;
25101, 25130, 27000;27000;27000;27000, 30000;25101, 27000;27000;
15130, 30380, 23134, 23134, 10112, 10130, 22110, 23131, 23110, 10131, 21801;10130, 10130, 10130, 10130, 10130;
15004, 10141, 11104, 14082, 11501, 25012, 11501, 14076;27410, 30515, 15113, 14750, 30820, 15000, 25120, 22600;22111, 22102;
27000, 25120;27000, 25120, 25120;27000, 25121, 30012;27000, 25120;
25101;25101;27300, 25101;
23134, 23132, 15001;11303, 11303;27200, 14830;10001, 14721;23110, 23132, 15212;27200;
25101, 25111, 25120;25111, 27000;25111, 27000;
25101, 30380, 15004, 23110;11533, 11533;
22103, 14054, 20121, 20121, 22008, 22036, 22103;15230, 14596, 14596;
15230, 22034, 22101, 22172, 15200, 22102, 22102, 15232, 22103;22102, 22101, 22036, 22001;
14010, 14013, 14000, 14000, 23132, 15202, 15603;11220, 14013, 14013, 14860, 23110;
25111, 27200, 27200, 15130, 27200;22102, 22103, 22500, 22002, 30380, 24012, 22111, 22101;22102, 22101, 14831, 10300, 22170, 22111;15114, 22103, 27200, 27200, 22111, 22101;23132, 22036;
15130;15130;
22102, 22100;22102, 22850, 22601, 22701, 22702;10701;22630, 22630, 22630;22103, 22630, 14121, 22630;
27300, 27410;11110;23110, 15202, 10140;
23110, 14120;14120, 22100, 27410, 27100, 27100;
25101, 14772, 14000, 30380, 14010, 25101;14000, 30380, 27002, 30380, 22111;27002, 30380, 22610, 25120;14000;
10119, 24010, 10119, 10119, 10119;30202, 15110, 15130, 15130;15130, 15130;14770, 24010, 14750;
11230, 15202, 15202, 15202, 14082, 11221, 14010, 14010, 15202, 10119, 10119, 10119, 14080, 15211, 15202, 23110, 11300, 15231, 14121, 30380, 23110, 30380, 15114, 14082, 15130;
10130, 27410;27200;14120, 10141;27000;
11303;22600, 22102, 25101, 23132, 22103;14812, 22002, 22102, 22008, 22036, 22103, 14802, 30380, 22671, 14530, 27300;30380;25101, 25112;14530;
15130, 22040, 22003, 22000, 14203;22040, 14200, 27000, 22030;22002, 14630, 14721, 22040;
25111, 22036, 25111, 25101;30380;27000;27000;
23110, 23110;15111, 15110;23110, 15110;15502, 14570;15120;15121, 11532, 11532;15121, 20121, 30380, 15121;
15110;15459, 15115, 30202;24000, 24010, 15111, 15111;10150, 24000;24000, 30903, 10150;15120;15120;15120;15121;
22900, 23110, 23121, 24101;22034, 23110, 27410, 27410;27410, 27410;11200, 11235;23110;23131, 27410, 14092;
22102, 22500, 24101, 24010;22600, 21021, 14802;
14073, 14232, 27002, 10150, 14243, 14232, 14232, 30380, 14261, 14261, 14010, 14836;22671, 27002, 22602, 22603, 23132, 22036, 14753, 23120;14860, 14860, 27002, 23120, 23110;
27000, 30380, 15114, 23112, 23110, 27002, 15110, 27002, 15110, 23113, 15115, 15115, 15115;
27000, 25111, 22102, 27000, 27200, 27100;25111, 27000, 25111, 27200;25111, 25111;
22007, 11300, 24010, 24100, 23113, 24010, 22130, 22172, 23110, 22110, 22030, 24011, 22102, 22630, 22008, 22132, 14861, 14922, 25100, 14921, 14860, 14860, 10300, 10300, 21812, 15113, 33060, 14860, 22040, 14841, 14661, 10439, 14822;22120, 22111, 22102, 22001, 22102, 22102, 22111, 22101;10300, 10300, 10300, 10300, 22008, 14750, 21801, 15113, 14750;
25120, 25121, 25121, 27000;
32917;32917, 32917, 32917, 32917, 30380, 15605, 32917, 32917;25001;
11230;10435, 10133, 10132, 11230, 27000, 10130, 10131, 25012;10309, 23120;
22500, 23110;15114;
11056;23132, 23132, 23110;27000, 27410, 27410, 27300, 27300;27000, 27300;27300, 27000;27300, 27000;27000, 27000;27300, 27000;27000, 27300;27000, 27000, 27300, 27300;27000, 27300;27410, 15110, 27300;
27002, 27002, 27410, 27410, 27410, 27410;
23120, 23110;23120, 23110;23134, 23142;
22021, 14112, 10109, 15115, 15115, 15201, 15139, 14111;11301, 11222, 11305;14080, 14043, 23131, 27400, 27400;15201, 15201, 15201, 14043, 23110;
15202, 27300, 23113, 22020, 15202, 15202, 15202, 15232;15232, 27201, 15320, 15110, 15232, 23113, 14630, 15232;15232, 15232, 15130;15202, 15130, 15231, 15232, 15230;
23132, 22034;27300, 27000;27000;11240, 23132;25101, 27300, 25130;15110, 25101;15110, 27410;27000;30822, 11500, 14812, 11500, 14811, 22036;27000;27200;27200;30330, 23132, 30360;23110, 15110;15110, 23110;10201, 10116, 10116, 10201, 10119, 10119;23110, 15115;23132, 14801, 14822;15110, 25111;27410;25111, 15115;27000;15110, 23110;23132, 30600, 25100;27410;27000;30321, 30321;22008, 22005;27000;27000;22030;22601, 11301, 11241;22030, 11500, 22036, 11500, 14802, 21120;14750, 14750;
15110;15111, 27410, 15402;15119, 15119, 15110;30380, 15402, 15110, 27000;27000;
15402;15434, 15119;15434;
11304, 11300, 11301;31021, 31002, 22101, 31021, 30380, 25112, 22000, 22102;27200, 27410, 22036, 30380, 27200;27410, 27200;22008, 10150, 23110, 10150, 23110, 27410, 27410, 14054, 10410, 10410, 14054, 22036, 10422, 14054, 30380, 23110, 10422;22007, 27400, 27410, 30380, 27410, 23131;25101, 25111, 25111;11233;15410, 22007, 30380;15410;11302;27000, 25111, 22008, 27002, 30380, 11521, 27410, 27410, 20130;15130;15130, 15130;27410, 23142, 23131, 23110, 27410, 15230, 23132, 27000, 27000, 30380, 23110;23114, 23142;27410, 22130, 30380, 27410, 27300, 27410, 27410;
22860, 15110;15114, 23110, 22002, 10141, 10141;
15432, 27410, 27000, 25111, 15433, 27000, 30380, 25101;23132, 23131;
27200, 11112, 30161, 25101, 22020, 22171, 27002, 27002;23132, 31029;27200, 27200, 25101;20014, 15000, 30364;15110, 14861, 22630, 15449, 14860, 14860;10141, 27000;
27400;14020;
10000, 22035, 24101, 23110;23110, 15130, 15209, 23110;27410, 23110, 23110;27410, 23130, 30332, 14209, 14209, 11230, 23110, 15130, 15130, 15130, 30380;23110, 27410, 27410;
14131, 10150, 30380, 10002;14131, 14121, 11502;10502;10000, 10002;
27000, 15114, 27410;14084, 27200;25111, 27410;22005;27410, 25101, 27200;23120, 27002, 27410;25101, 27002;20121, 22101, 22102, 22111, 22130, 20014, 24010, 15114, 22171, 22170, 22171, 22103, 30380, 22100;24101, 14077, 22830, 24010, 30380, 27002, 15242, 15242, 20121, 27002, 22830, 22830;30011, 22002;27200, 27000;15114, 27410, 27002, 27410;27410, 27002, 27002, 22002, 25120;27000, 27002;15114, 22002;22002, 14074;24010, 25111, 15343, 15343, 20121, 22002, 30380;27410, 27300, 25111;27410, 27002;22002;27002, 27410;27000, 10119, 10119, 25111, 27002, 27300;30380, 27410, 22102, 22102, 27002, 27240;11531;30380, 27410;
22600, 10141, 22111, 22601, 22102, 14710, 22103;22171, 22001, 22130;22102, 22111;22102, 22102, 22103;10141;
15202, 15202, 14070, 14070, 14070;15200;
23110, 27410, 27410, 15202, 23131, 22034, 15202, 14132, 10201, 10201;27000, 36020, 36020, 36030, 11231, 14076, 11511, 11511, 30380;30500, 30380, 11533, 30503, 10141, 30510, 11041;10151, 23134, 10151, 23131, 23110, 23110;22021;
24101, 22102, 15110, 24101, 22130, 22130, 22171, 22130, 22100, 22130, 15115, 15115, 22040, 22002, 27300, 30380, 27300;22802, 14515, 27300, 27300, 22800, 22840, 22102, 14661, 22101, 22103, 24101, 27410, 22102, 15130, 27300;
23110;10119, 31043, 10109;22702, 22100, 23113;22111, 22035, 22100;15110, 25111, 22111, 27000, 22102, 27000;23113, 22100;15110, 22111;23110, 23113;15110;15004, 25111, 27300, 27300, 25101, 15004, 15130;15110, 23142;23142, 15110;23142, 15110, 23113;15110;22036;
22621, 15114, 15114, 10201, 23120, 10201, 22008, 15110, 22008;25101;14082, 27200;
27000, 27000, 22102, 22500, 27200, 27200, 27300, 22035, 22021;40000;22100, 22130;22020, 23110, 27300, 14000, 23110, 14000, 14552, 22111;22102;23130, 22036, 23130, 23142, 22102, 27300, 30444, 30321, 22111, 14091;22102, 14130, 22103, 22000, 14403, 22102, 21801, 22103, 22100, 14200;
15242, 14722, 30380, 22002, 23110, 22102;10401, 27000, 27410, 30380, 15230, 22102;27240, 15501, 15200, 23110, 22600, 15130, 15115, 30380;15130, 10401, 14092, 30380, 22102, 15230, 15115, 15000;
27410, 27410, 22870, 14506, 30380;15130, 23112, 23112, 15202, 14092, 14092, 15202, 30380, 10130;14092, 15130, 10131;23112, 23112;
10136, 10136, 30380, 10141, 14130, 23131;
10141, 10141, 15115, 22020;27410;11230, 11230;14630, 15130, 14080;14092, 10141, 10141;22035;14092, 14092, 23132, 20014;15004, 27300, 15242, 23132, 22002;22002, 14092, 14060, 14092, 30380, 14073, 14092, 14092;11220;
27000, 27000, 25101, 27300, 27410;27000, 27000, 27300, 25101;27200, 27200;27410, 25111, 25111, 25111, 22171;27000, 27000, 27410, 27000;30420, 10140, 10140, 10140, 30321, 30421, 25111, 25111, 25111, 22171, 25111, 25111;25111, 25111;27000, 27000;14080, 23110;27000, 27000;
15110, 27000, 27000;27000, 27000, 27000, 27000;
22111, 27300, 24010, 24010, 15000, 22132, 32316, 21021, 27002, 27002, 15130, 22111, 22102, 22100, 21200, 22172, 22102;21021, 22103;
22102, 15113;30321, 22001, 30321, 15113;
15202, 15202, 36030;25101, 23134;
30514, 31017, 30361, 14000, 30514;14839, 14916, 14902, 14902, 14902, 14902, 14902;
24010, 21021, 21021;23110, 20121, 22100, 22172;
27410;25150, 27400;27000;27200;
15130, 15110, 23110;15130, 27200, 27410, 27400, 23110;27000, 27410, 27400;27200, 14722;27000, 27410, 27410, 27300, 15202;10000, 10000, 27200, 27200, 23110, 27200;
14071, 21700, 24101, 23110, 23110, 23110, 24101, 27200, 14074, 14020, 24403, 14074;24401, 14130, 21700, 21700, 14721, 14130, 31004, 15503, 15503, 23110, 22102, 31001, 22130, 14091, 23110, 14091, 24401, 22103, 15114, 14721, 14721, 23113;24000, 15114, 23110, 31002, 23110, 23113, 31002, 24000;11110;22130, 22008, 23110, 10100, 22103, 24403, 10103, 15114, 23134;14052, 23113, 14091;
14000, 27200, 14903, 14903, 27240, 27240, 15021, 14900, 15021, 14520, 14000, 14900, 14905;24000, 27240, 27240, 27410, 15115;
27410, 14916, 22111, 22103, 14860, 22172, 22130, 22170, 22110, 30700, 22036, 27100, 30380, 30380, 14860, 14841, 22500, 22102;27410, 27410, 11522;
27000, 14403, 27000, 27000, 22102, 10141, 22005, 21021, 22001, 22002;23120, 15110, 14721, 15110, 14833, 23120, 15130, 14831;34621, 34621, 11301;22500, 14828;
15230, 24010, 15110, 14258, 15202, 14258, 30380, 14513, 14754;14837, 30430;30380, 22034, 22008, 22111, 22102, 22007, 10131, 22103;30337, 30341, 14258, 27002, 14845, 15230, 15104, 14258;14843, 14754, 14843, 10001, 15110, 10000, 24101, 14826;14513, 11501, 11532, 24220, 27002;14258, 14753, 15110, 27002, 14513, 14754, 14258, 15230, 23110;14513, 11500, 32917, 14261, 30447, 24000, 11500;15202, 14258, 15110;
11500, 20014, 11500, 27400, 11500, 15000, 14082, 20101, 14285, 14285, 11500, 20101, 14281, 30380, 27300, 11500, 27300, 14083, 27002;22902, 11521;27410, 27300, 27200, 27300, 22071;30515;23132, 25130, 23110, 27002, 27400, 27410, 27000, 27300, 30380;15114;22102, 30340, 27400, 30380, 22171;25130, 27410, 14082, 27002, 27200, 25101;15115;15200, 15200, 11532, 23113, 22030, 11521, 30380, 23113, 22030, 22830;25101, 32736;22036;
22702, 15114, 15110;15110, 15110, 24220, 24220;15110, 15130, 15114, 15115, 15115;15110;
27002, 15004, 15000, 14082, 14092, 27410, 27000, 27200, 27002, 14091, 27410, 14073, 10132, 30380, 15114, 15114, 10133, 27002, 15012, 14091, 14260, 10130, 14082;10130;
15114;15110, 22035, 22035, 22008, 15110;22035;15110;15130;10502;14863, 27200;30380, 15114, 23110, 25112, 15130, 27400;14837, 15120, 15110;15430, 22004;27410;14105, 15202;22671, 22671, 27200, 27200;22671;27000, 27000, 27000, 27002, 27410, 22102;
14083, 14073, 22172, 22036, 14076, 22111, 25100, 30380, 22172, 14076, 14072, 22171;14802, 10153, 10152, 22102, 23132, 25100, 10119, 22002, 10119, 10201, 10201;32917;23110, 25100, 27400, 22102, 22601, 22603, 27002, 23132, 22860;22021, 22702, 22511, 22171, 22002, 22008, 22035;14813, 14840, 27300, 22035, 24010, 20121, 22021, 14563, 14261, 14844;25012, 14831, 25100, 22002, 14831, 15000;15119, 14082, 24010, 14076, 22035, 25101, 30321, 23132, 27300;27300, 14082, 22171, 23132, 25100, 15119, 24101, 15242, 27000, 22103, 25130;15430, 14082, 14082;
14091, 14091, 10435, 10435, 14091, 14052, 14091, 10116, 30380;14091, 14091, 14052, 14060, 14741, 14092, 14060, 11500, 30380, 11501;
25101;14120, 14074, 14074, 10119, 34423;25111;14841, 24010;23110, 25111;34225;36020, 36020;34713;23132, 25111;22101;25111, 23132;25111;25101;34711;22101, 25101, 23132;34711;15110, 15004, 15004, 15004, 15004, 15004;27000;15110, 14076, 14076, 27410, 15231, 15231, 14015, 25111;25101;11044;11011, 34513, 30701, 34356, 34363, 11057;
14860, 14863, 14863, 14863, 10141, 10141, 14840, 22002, 27400, 30380, 22171, 14860, 14846, 21801;27000;21801, 21801;
23113, 14000, 14000, 22101, 22102, 23113;22101, 14802, 22102;30250, 15114, 15114, 22020;14401, 30380, 14101, 14101, 22500, 24010, 14401, 15110;14130, 11250;10300, 14860, 10300, 10300, 10300, 10300, 10300;14750, 22036, 14130;27210, 14750, 15110, 22172, 22190, 21000;
27000, 27200, 27200, 23120;25112, 27200, 27410, 27000;14141, 14275, 14092, 14084, 27410, 27410, 14092, 14013, 30380, 14253, 14253, 14141;27000, 27200, 11300, 11300, 14903, 14903, 10150, 10150, 14900, 14900, 15401, 11300, 11311, 15242, 14900, 15242;
14650, 23113, 33060, 14831;15115, 15231, 15231, 15231, 27410, 24101;15235, 15230, 23121;15029, 15029, 11500, 15029, 24101, 15029, 11501, 11501, 15130;15230, 24101;14750, 23113, 14750, 14750, 24101, 14750, 15200;15114, 15232, 15114, 14530;15231, 15230, 22130, 23121, 14121, 14092, 15110, 15110, 14010, 14200;24101, 22130;22036, 22102, 15231, 15029, 15200;27000, 15200, 27000, 22035;15209, 22035, 22035, 15209, 15209, 15209;15110, 15110, 22010, 23132;11501, 11500, 11500, 11533, 11533, 11504, 14831, 15130;10300, 22830;15110, 33060, 23110, 14121, 23120;15000, 15110, 14750, 22830, 15235, 15004;15605, 23110, 15235, 15235;27300, 27002;
22500, 22101, 22603, 15200;
22035, 22036, 22036, 22021, 27000, 27000, 27000;
14835, 14722, 14844, 15200, 10002, 30707, 10002, 22008;11105, 22040, 15442, 22007, 15502;15200, 11011, 11046, 22030, 11044, 22036, 11102, 21021, 27002, 27002, 14525;11102, 11052;14843, 15402, 15469, 14844, 15004, 15004, 14846;30821, 30000, 27000, 30821;14860, 24101, 15004, 10137, 11104, 14822, 11502, 14860, 11502;
27400, 23132, 15119, 27400, 27400, 27100, 27002, 27400, 22170, 27400, 27002, 23110, 30380, 15119, 15130;
24010;14076, 23110;15202;
22610, 22008, 22030, 10000, 30365;
25101, 30380, 27300, 27410, 10131;15110, 30380, 23135, 15209, 15115, 23113;22035, 30380, 30832;15230, 30380, 15200, 22002, 27410, 15110, 23135;14900, 14815, 14900;30380, 10141, 22002;14750;15130, 22003, 22500, 15209, 22170, 15209, 27410;23134, 23134, 30380, 23110, 15130;30380, 10141, 15230, 14092, 15130, 15103, 14092, 15004, 15209, 22500;34101;30010, 30010, 14521, 27000, 25111, 27000, 30010, 15209, 27300, 11303, 11303, 31139, 22802;14080, 30380, 22002, 23110, 27300, 27410, 23134, 27000, 15130, 27000;27000, 14834, 14842, 15209, 30380, 14834;30320, 34101, 14090;22120, 15209, 22130;14092, 14090, 14243;14515, 30380, 10201, 30202, 14140, 15130, 15115, 34121, 14722;14844, 22180, 22600, 22030;
15115, 30800, 23110, 20121, 23134, 23110;14031, 24000, 27000, 14091, 23132, 15202, 15130, 10130, 10135;14802;15202, 23131, 24012, 23110, 14080, 23134, 10141, 15114;
10141, 24011, 24010, 22020, 14080, 10422, 15130, 15115, 15200, 24030, 24000, 10130, 14403, 14092;14572, 21801, 10141, 14082, 15503, 10119, 15202, 15202, 14092;15115, 10119, 10119;
14015;15230;15230;15230, 15200;30380, 23110, 15200, 15116;15230;30380, 23132, 15116, 15116;15110;10141;15200;23110, 30380, 10141;27200, 15200, 30380, 15110;15200;15116, 15116, 30380, 23132;15230, 15200;23132;10141;31002, 31020;30380, 15200, 15114, 23110, 15114;
22103, 22111, 22103, 22190, 22190, 27002;15110, 22190;22190, 22190, 22100, 22102, 15119;27210, 22190;
11504, 15433, 15110, 15433, 23110;23110, 15433, 23110, 23110, 23110;15110, 15110, 15110, 15433, 15433, 23110, 15021, 23110, 23110, 23110;23110, 23110;
22511, 27410, 22511, 15605;14083, 14083, 14054, 14000, 14000, 30380, 14054;
10300, 10300, 10300, 15114, 15200, 15200, 10300, 27000;14814, 22171, 27002;
27200, 10002;10132, 27200;10114, 10119, 32315, 27410, 21021;14079, 27410, 27200, 10110, 10110, 23110, 23110, 10113, 30380;
25120, 30380, 25112, 27410, 27410, 36030, 22701, 36030, 14403;36010;34631;27400, 27400, 25120;30000, 30000, 30000, 34363, 30000, 30000, 30000, 30000;11045, 11220;30820, 27410, 14403, 30380, 25121, 25111, 15501, 30040, 30010, 30010, 30161, 22036, 27000, 27000, 27000, 27000, 30175;11042;31022;11022;32030;11042;14401;31022;27410, 27410, 30380, 27410, 25120, 27240;15503, 14403;11230, 11303, 11303;14403, 14802, 14812, 30332, 22130, 25120, 27240;14222, 15200;11301;27000, 27000;33016;25120, 15000, 27400, 30380, 27240, 15200;33050;27000, 14230, 27410, 14222;27240, 25111, 25101;14403, 22500, 15202;15115, 22102, 14076, 32352, 27300, 22130;11230;
14721, 23112, 14091, 14090, 14090, 14721, 10201, 22102, 10201, 15115, 23134, 14091, 30380, 14110;14092, 30141, 14091, 14091;
22120, 22102, 22102, 22008, 15110, 15110, 22036, 30380, 15200, 15419, 15419, 27300, 24011, 15410, 15410;15200, 15110, 11220, 15200, 11110, 22170, 22500;
21021, 14594, 23132, 23110, 23110;23110, 23110, 23132;23110, 23110, 27002, 27000;25111, 25111, 23132;
15459, 15459, 30380, 27000, 14750, 15110;14802, 27200, 27200, 10141;
23110, 25101, 14830, 25101, 22002, 15000, 14912, 15321, 14650, 14651, 27300, 23120;15200, 25101, 15200, 22840, 15202, 25101, 14092, 10422, 10422, 14830, 14076;22100, 22036, 10422, 22103, 22103, 22102, 22100;23132, 22840, 14651, 14073, 10422, 15200, 15202, 14811, 25101, 25101, 14830;
14015, 15114, 15130, 15130, 23120, 23110, 22008, 22036;
14250, 15114, 25101;22103;
15200, 22101, 22671;15110, 15110, 15200;15604;15110, 14833;15200, 14841, 14841;
15110;15110, 15110, 15110, 15110;15110, 15110, 22500;15110, 14750;15110;15110;15110;14860, 15110, 15110, 15110, 15110, 14860;15110, 15110, 15110, 14580;15110, 33060;
24102, 22030, 22030;14834, 22030, 14834, 14834;15402;11110;
22000, 22102;22000;22103, 22001, 27300;22002, 22103, 14831;22002, 22103;22002;22102, 22002, 22002;22002, 22000, 22005;22001, 22003, 22102;22005;
10137;27000;15130;27200, 15130;27200;15115, 27200;27200, 15130, 15115;11501, 22010;27200, 15130;27200, 15115, 30420;10137, 25111;27000;
15116, 15110;22170, 22103, 15200, 24101, 22501, 22130, 22008, 15110;15110, 22501;15200, 15200, 22000, 27002;24011, 22102, 22001, 30320, 22111;22030, 24000, 15201, 30380, 22171, 15110, 15116, 22111, 15110;24000, 15110, 15200, 15503, 15200, 15503, 15502, 15502, 15200, 15503, 15503, 22111, 24000, 22102, 15502, 23110, 22100, 23110;
21021, 27002;11506, 23110, 22020, 11220;14409, 14409;
11210;15110, 23110, 15110, 14080, 14054, 14054, 31022, 31022, 27002, 15110, 15242, 23121;22102, 22111, 23110, 15110, 23120, 22100, 15110, 22172, 22103, 22002, 22102, 15469, 14823, 22100, 22103;23110, 15502, 22035, 15110, 15242, 15114, 23120, 23110, 23132, 15114, 22005, 27300, 27410;23110, 22111, 23110, 15110, 22103, 15110, 15110, 22102, 22100, 15110, 23112, 15110, 15114, 15114;15110, 15110, 10110, 15110, 10310, 22102, 22035, 10310, 10310, 22100, 15110, 10310, 14721, 14060, 14052, 15000, 15114, 22002, 23110, 23120;23132, 10310, 27002, 10310, 15110, 15110, 27000, 15502, 23132, 22111;
23134, 15130, 15130, 34513, 15110, 23120, 22130, 34241, 34211, 34241, 34511;22130, 15110, 22001, 15110;22802, 27000, 21200, 15130;22103, 22102, 22130, 15110;11120, 11110, 11110;11533, 36020, 34204, 11533, 34511;
15130, 15130, 31017;30380;
14092, 10150, 14091, 14200, 14091, 30380, 14054, 14054, 10150, 11532, 11533, 10008, 10151, 10150, 14078, 10151, 10137;10000, 10150, 10130, 14300, 10202;
25111;14010, 14010;22036, 23110;25101, 25101, 25101, 27300, 25101;27000, 27000;27000, 27000, 27300, 27000, 27300;27300, 25111;27000;27000;27200, 27200, 15112;27200, 27200;
11501, 10150, 11532, 11532, 11501, 11501, 34121, 11501, 11501, 11501, 30380;22111;
15114, 15114, 27002;22103, 22102, 15200, 27002;27000, 27000, 27002;15114, 15114;27000, 20121;22130, 22000, 27002;27240;25121, 27002, 20121;20121;20121, 20121;27000;20121, 22102;23120, 14141, 20121, 27410, 22601, 14141;21021, 25101, 27240;20121, 21021;10110, 10117;25101;22671, 22603;15114, 15114, 15605;20121, 22172;
10000, 27002, 27200, 10150, 30380, 15004, 15004;11250;22000, 23121, 15200;21801, 11011, 30380, 25101, 34424, 34424;14812, 14810, 14772, 30380, 14750, 14750;27002, 25101, 24010, 24010, 22172, 15110, 14831, 30380, 14802;15433, 22601, 22008, 14814;30380, 14750, 15605, 27300, 27000;14860, 15113, 14860, 14802, 14812, 22000, 14830, 30380, 30710, 14860, 14860, 14860, 27300, 27100, 23121, 27410;27000, 27300, 27410;
23110, 23110, 14722, 25120, 25120, 25120, 25120, 25120, 25120, 14722, 22100, 25101, 27200, 14721, 15242, 30380;22021, 22102, 23110, 23110, 15110, 22021, 22130, 25120, 25101, 22130, 25120, 25120, 25120, 22103, 25120, 25120;22172, 14800, 23110, 25120, 25120, 25120, 22172, 22671, 30380, 27000, 27000, 25120;22036, 22100, 14275, 22111, 22172, 15130, 14810, 14810, 22111, 14275, 15110, 23132, 15469, 14815, 11504, 22021, 27300, 11104, 14815, 14076, 14111, 15130, 23113, 30530, 34220, 11104, 14111, 14275, 22172;27000, 27300, 14021, 14772, 22172, 14917, 14900, 23110, 23110, 25101, 25101, 25120, 14721, 25120, 25120, 14900, 30380;25120, 25101, 22005, 25120, 23110, 23110;25120, 15114, 10001, 10002, 15120, 14831, 14721, 15440, 25120, 30380, 25120, 25120, 25120, 25120;14900, 14840, 14831, 25101, 23110, 14900, 25120, 14900, 14900, 25120, 25120, 25120, 25120, 25120;25120, 25120, 22100, 30380, 22103, 25120, 21801, 25120, 21801, 22172, 22102;15502;25120, 25120, 14772, 22002, 25120, 25120, 25120, 23110, 25120, 25120;25120, 25120, 25120, 25120, 25120, 30380, 25120, 22103, 25101, 22002, 25101, 25120;20103, 22840, 24010, 15021, 14831, 27410, 27002, 15130, 25120, 25120;
22800, 14860, 14860, 14253, 14860, 22802;15110, 23110, 23113, 23113;15114, 15110, 15110;15469, 15469;
23110, 23110;23134, 14831, 23112, 23112, 24000, 21801, 25101, 15110;10000, 30380, 10132, 15130, 10000, 15110;15113, 15130, 14074, 14074, 25101, 22002;
15120, 24010;25012, 14906, 14800, 14800;
15114, 15119, 15119, 27410, 22172, 25101, 15200, 20121, 22103, 34841, 27300;22007, 22036, 15114, 15114, 22500, 15420;22111, 22172, 22102, 15119, 15119, 22130;15119, 27400, 23110, 27400, 27400, 27400, 22701, 15119;22035, 22111, 11300, 22102, 24010;11110;22172, 15114, 22172, 14843, 15110, 15114, 30380;22172, 22500, 15110, 22102, 22102, 15114, 30380;23132, 15104, 15104, 15104;22035, 15110, 24010, 27002, 24101;22102, 22101, 22102;27300, 27410, 15110, 25111, 23134, 15114, 21012, 15114;
23110, 22001, 27410, 22036, 22701, 23134, 30380;23121, 22036, 30380, 23132, 22102, 22610;22600, 15230, 22007;22102, 22102, 30380, 22035, 22103, 15230;11230;22035, 24101, 22102, 22111, 10000, 22111, 10000, 22500, 30380;22001, 22002, 22005, 23132;23110, 27100, 22035;14560, 22036, 22005;22005, 15230, 22035, 30380, 14750;30380, 22035, 22020, 22002;23134, 22020, 27200, 30380;22002, 22102, 30380, 22600, 23110;
27000, 27000, 14905, 25120;23132, 27410, 25101, 25101;14750, 14822, 24010;27000, 27000, 27000, 27000;
15235, 15235, 15235, 15235;20110, 15235, 24101;15235, 14060, 15000;15235, 15000, 15235, 15235, 15235, 15110, 14811;14060, 15235, 14060, 15235, 22172, 24010, 15110, 15110;15235, 14063, 14060, 15110, 15110;24010;
23110, 27100, 15114, 14811, 27410, 10141, 15202, 27000, 22020, 27000, 27000;36020, 30420, 27410, 10141, 27410, 27410, 14901, 15114, 14842, 22701, 23110;27000, 27000, 27410;
27410;22500;25101, 25101, 31001, 22102, 22101, 31001, 22103, 22111;11301;30311, 22102, 22111;11110;22103, 22034, 30380, 14531, 14870, 14870, 14870, 22021, 14543, 14870, 14073, 22008, 22004, 14750, 14750, 14750, 14750, 14763, 14100, 14100, 14076, 14076, 14063, 14100, 14100, 14063;15200, 15116, 15200, 15115, 11046, 11250;11300;22102;22500, 22111, 22103, 22103, 22102, 22101;31028, 22600;15200;22111, 22500, 22500;
30380, 15503, 22008, 22036;27000;27200, 30330;27410, 15110;27410;27200, 10140, 10140;27200, 27300, 23110;27300, 15240, 27300;23120, 15231, 27000, 27000, 15231;15231, 15231, 15231;
22002, 22102, 22111;25101, 24010;22002, 25101;25101, 24010, 23110;
22103, 22103, 27002;22102, 27002, 27002, 27002;22601;22111, 27300, 24111, 22111, 22171, 22001, 27300;22111, 22103, 24011;22103, 23132, 27300, 22102, 25101, 25111, 22111;24010, 22172, 25112, 14860, 22103;24010, 23132, 22172, 22603, 22103, 14852;22035, 22004, 20101, 20014, 27300, 27300, 20014;22102, 27410, 22103, 22103, 22103;22020, 22020, 24010;30380, 15110, 11500, 15110, 10141, 23110, 23110;24101, 23132, 24111, 23132;22102, 22130;24011;
30380, 11532, 23120, 15202, 25111, 14080, 14092, 14091;30380;
15115, 27200, 27200, 27200;
11233, 11222;22671, 22671, 10002, 30380, 14802;11102;15110;11104, 22610, 11233, 15110;15200, 14105, 24101, 24101, 24101;15110, 24101, 24101, 24101, 24101, 24101, 10131, 10131, 24101, 10151;11102, 11300;24101, 24101, 24101, 24101;
14275, 22005, 30321, 14275, 14275, 14275, 11533, 11533, 22030, 11240, 14081, 30514, 22002, 30321, 30320, 30320, 15212, 30380, 15211, 22103, 14861, 14714, 10141, 14861, 11532, 10141, 31024, 24000, 15202, 15202, 10141, 10132, 10141, 32416;23134, 10141, 10141, 14206, 14142, 10141, 10141, 14082, 14142, 14131, 14206, 14300, 14300, 14300, 14300, 15202, 15202, 15202, 15202, 14206, 14596, 14275, 14275, 14275, 14275, 27400, 14222, 14080, 14092, 14275, 27400, 14403, 30380, 14200, 14090, 14141, 10119, 10119, 34225, 14141, 27400, 27400, 27400, 14141, 14131, 10119, 14130;27400, 10119, 10119, 10119;
11233;15130, 15115;15114;11301, 11303;
