10719, 14322, 10719, 11108;11164, 0, 0;0, 15066, 0, 15631;0, 0, 0;0, 0, 0, 0;0, 14079, 15038, 14443, 0, 0;14152, 0, 0;0, 14098, 10080;15066, 0, 14622;0, 0, 0, 14152;0, 0, 0;14435, 0, 0, 0, 0, 30248, 0, 0;0, 0, 0, 0;0, 0, 0, 10637, 14319, 0, 14338, 14705, 0, 14338, 0, 10198, 0, 0, 10060, 30248, 14810, 14705, 14705, 0, 10129, 10068, 10068, 10068, 0, 0, 0, 0;14442, 14442, 14445, 14350, 14442, 30248, 14442, 14442, 0, 0, 14152;0;0, 0, 15066;
0, 0, 0, 0;0, 0, 0, 0, 0, 14435, 0, 0, 0, 0;14366, 0, 14357, 14357, 14796, 0, 14160, 0;
15052, 14121, 30248, 14267, 15039, 15092, 0, 0, 15052, 0, 0;15092, 0, 15039, 15039, 0;15039, 15039, 15039, 15092, 15039;0, 15092, 0, 15052, 15092, 0, 11079;14160, 0, 0, 0, 15052, 15052, 14084, 15094;15039, 15039, 15092, 15094, 15039;14396, 15094, 15052;0, 0;14393, 0, 14314, 15012;14393, 15012;
15092, 14810, 14810, 11351, 11351, 11351, 11351, 11347, 30170;11209, 0, 0, 14177, 11094, 0, 14117, 30248, 0;0, 11137, 14338, 14338, 14338, 14338, 11137, 30804, 11343, 11347, 14203;
0, 0, 10724;0;
0, 0, 0, 0, 0;34060;0, 0, 0, 15038;0, 0;
0, 0, 15012;14811, 15012, 14834;14442, 14177, 14177, 14177, 14177, 14731, 14173, 14173, 14281, 14431, 14177, 30248, 30248;
11129, 10094;15009, 14580, 15052, 10094, 10209, 0, 10068, 30248, 30170, 15641;14203, 30248, 10086, 10209, 10209, 10209, 10209, 10209;10209;
0, 0, 0, 0;30248, 0;
0, 0, 0, 0, 15067;14727, 14268, 0, 10064, 0, 15052;15067, 10211, 14393, 0;10064;10007, 14727, 14524;0, 10007;10163;0, 15066, 15073, 15052, 10211, 14098, 10211, 15548, 14191, 11150, 14803, 30248, 14098, 14366, 0, 14293, 14041;14133, 10706, 10706, 14177, 0, 0, 10086, 10086, 30248, 14322, 15038, 0, 15094, 0;10086, 10086;14338, 14338, 0, 14338, 10007, 0, 0, 30248, 15052, 14333, 14038, 14573, 0, 15067, 14338;0;10086, 11154;11144, 30170, 15009;
0, 0;
15012, 10086, 14833;30248, 14152, 15012, 15012, 15012, 10107;
14098, 14581, 0, 0, 15092, 0, 30248, 14098, 14042, 14042, 14042, 14042, 14042, 14042, 11079, 11079, 14042, 11079, 14042, 14042, 14042;0;15028, 0, 14475, 14652;32188, 14652, 14322;0, 0;0, 15057, 30248, 0, 14652, 0;15028, 14652, 14652;0, 30248;
10064, 0;10161, 10161, 0;
10069, 14564, 0;0, 0, 14362, 14824, 15052, 14445, 14196, 14622, 14449, 0, 0;0, 14362, 0, 0, 14362, 14168, 14556, 0;15083, 15083, 0, 15094, 0, 0;0, 0, 0;14196, 15083, 14362, 0, 14835;
10086;30248, 0, 10086, 10086, 0, 0;
32295, 0, 0, 11129, 0;11129;
0;0, 10124, 10124;0, 0;0;0, 10124;10124, 10124, 0;0;10124, 0, 10124;0;10124, 11129, 10124;0, 30248, 30835;
0, 14229;14265, 14044;14229, 14229, 14322, 0, 11129, 14265, 15009, 14044;0, 0, 0, 0, 0, 11036, 11026, 11209, 11036;0, 0, 0, 0, 14224, 0;14044, 0, 14265, 15038, 0, 0, 15066, 15066, 15009, 15009, 15052;0;
10029, 0, 0, 0, 10029, 0, 0, 14160, 10730, 0, 0, 30248, 14391, 14810;0, 0, 0, 0, 30248, 0, 14160;
0;0, 0, 0, 15590, 0, 15590, 0, 0, 0, 0;0, 15631, 14268;14810, 14079, 14810, 0;
14727, 14258, 14196;14727;
0, 15038, 0;
15052, 0, 0;30248;
0;0, 14362, 14627, 14794, 0, 0, 0, 0, 0, 0, 0;15012, 15012, 0;
15012, 0, 15057, 30248, 31104;0, 30248, 15092, 11154, 11154, 10045, 10211, 0;15012, 14832, 15012, 15012, 15012, 0, 15012, 0, 15012, 15012, 0, 0, 11079, 11079, 11079, 11154, 11154, 0, 0, 15011, 30248;14265, 0, 14044, 0, 14372, 0, 14265;11154, 11154, 11227, 0, 11227;
0;14650, 14622;0;
0, 0, 15052;15590, 15631, 15590;0, 0, 0, 30248, 15026, 15026;15590, 0, 15026, 15026, 15590;15590, 15590;
15552, 10016, 14281, 14281, 14245, 14281, 14245, 14281, 15012, 30248, 30248, 15012, 14071, 14622, 14245, 15552, 10016;11215, 0, 11039;15039, 14245, 14245, 14071, 14245, 14245, 14245, 14281, 14281, 14245;
0, 32133, 15012, 15012, 0, 0, 15012, 30248, 15011, 0, 15052, 11123, 0, 0, 15012;14082, 14322, 14224, 0, 15028, 15060, 15012, 0, 15012, 0, 30248, 14031, 14313, 14082, 14435, 32183;
10632, 10091, 10091, 10091, 10091, 30248, 10164, 10632, 11026, 10632, 10632;10083, 0;14475, 14539, 10619, 10619, 10619, 14622;
0, 0, 0, 0;0, 0, 0, 15094, 14044;14366, 0;0, 0, 14338, 14338;0, 0, 0;
0;0, 0, 0, 0, 15066, 0;30248;0;0, 0, 0;0, 0, 0;0;0, 0, 0;0, 0, 0;
14556, 14556, 10702, 14742, 30248, 14667, 14667, 10161;
0, 0, 14041, 0, 0, 0, 0;0, 0;
15631, 15631, 15631, 30248, 0, 0;
0, 0, 0, 0, 0, 0, 15052;0, 0;0, 0, 0, 0, 0, 15052;0, 0, 0, 0, 0, 0, 0, 30248;0, 0, 0, 0, 15052;0, 0, 14366;0, 15052, 0;
0;0, 0;11338, 10062, 11093, 15009;0, 30170, 0;0, 0;
30248, 32133, 10060, 10060, 10060, 10060, 10060;
15092, 0;0, 0;
0;0;0, 0;0;0, 0;0;0;0;0, 0;0;0;0, 0, 0;0;0;0;0;0;0;0, 0;0;0;0;0;0, 0;0, 0, 0, 0;0, 0;0, 0;15012;0, 0;0;0;0;0;0, 0;15631, 15631, 15631, 15631;0, 30248;0;10036;0, 0;10706, 10007, 10060, 10063;0, 0;0, 0;
0;0;
10060, 0, 0, 0, 0, 10060;0, 15631, 10060;10060;10060, 15631, 15631, 15631, 15631, 14008, 15631, 15631;15631, 15631, 14811, 10060, 10060, 15039, 14362, 15039;14545;10060, 0;15631, 14531, 10060;10060;0, 0, 10060, 10060;0, 10060, 10064;10060, 0, 10064;0;14008;0, 0, 10064;0;10060, 15631, 10064;14330, 10060;
0, 11100;10199, 10199, 10199;15060;
15052, 0;0;0;
0;0;0;0;0, 0;0, 0;15631, 0;0;0;0;0;0, 0;0;0;0;0;0, 15631;0;0, 0;0;0;0;0;0;0;0;0;0;0;0;0;0;0;0, 0;0, 0;0;0;0;0;0;0;0;0;0;
15094, 0, 15012;15012, 0, 15012, 15012, 15012;0, 14281;0, 0, 15631, 15631;0, 0;
0, 0;14173, 14173;11114, 0, 0, 11133;
32295;10083, 10104, 10091;
15039, 15631;15039, 15039, 15631, 30248;15631, 15631, 15012, 30248;
0, 0, 0;0, 0, 0;
0, 0, 0, 0;14804, 14418, 14418, 14418, 0, 0, 0, 14218, 14218, 14218, 30248, 0;0, 0, 0, 0, 0, 0, 0, 0, 30248;0, 0, 30825, 0, 30248, 0;
10060;
0, 0;14032, 14213, 14213, 30798, 14032, 14032, 14032;10142, 10142;0;10142;0, 0, 10142, 0, 0, 10142;10142, 0, 10142;
15039, 0, 0;10060, 15026, 15012, 0, 0;10060;
14805, 0, 11106, 14442;15094, 15590, 0, 10106;10064, 0;
0, 0, 0, 0;0;0;0;
0, 0;0;
0, 0, 0, 0, 0, 0;0, 0, 0, 0, 0, 0, 0, 0, 0, 0;0, 0, 14145, 0, 14366, 0, 0, 0, 0, 0, 0, 0, 0;15039, 0, 0, 0, 0, 0, 14043, 0, 0, 0, 0, 0, 0;15038, 0, 0, 0, 0, 0, 0, 0;14177, 31019, 15012, 0, 0, 0, 0, 0;
0;0, 0, 0, 0, 0, 15039;0, 0, 0, 0, 0, 0, 0, 0;0, 0, 0, 14366, 14118, 15012, 0, 0, 0, 0, 0;0, 0, 0, 0, 0, 0, 0;
0, 14330, 30248, 0, 15049, 0, 0;0, 0, 0, 0;
14177;10060, 30248;10060, 10161, 10060, 10060;0, 10161, 10161, 10161, 10060, 0, 0;10161, 10060;
15011, 30248, 15012, 0, 0;0, 0, 0, 0, 0, 0;0, 0, 15038, 15012;0, 0, 0, 15038, 0, 0, 15631;
0, 0, 15052, 0, 0, 0, 0, 0, 0, 0, 15038;15038, 14753, 10068;0, 0, 14177, 0, 0, 15052, 15094;11385, 14076, 15052, 0, 0, 0, 15038;15012, 14035;
10080, 0, 10060, 0, 0, 0, 10086;10060, 10086, 10060, 10060, 10060, 10060;10652, 10652, 10007;
10211, 0;0;0, 10714, 0, 0;10702, 0, 10706;0, 10106, 0;11288;11026, 11093, 10086, 11129;10086;14322, 0, 0, 14737;0, 10106;0, 10106, 0;14735, 14313;
14740, 15092, 0, 0, 0, 0, 10080, 0, 0, 15012, 30248, 15012;0;15012, 15092;
14600, 15094, 15039, 15039, 0, 11129, 30248, 0;14079, 14810, 0, 30248, 14425, 0, 14141;10030;0, 30248;15094, 15094, 14345, 10086, 10086, 10086;
14173, 30170, 33042, 0, 14173, 14173, 14173, 14173, 14173, 0, 14830, 14449, 30248, 0;0, 0, 14168, 0, 0, 0, 11129, 0, 0, 0, 0, 0, 0, 14173, 0, 11129, 30248, 0, 14168, 14173, 0, 0;
0;0, 0;30250, 0, 0, 0, 30250;0;0;
32295;0, 15077, 30170, 30248, 15061;
14265, 0, 14753, 14788, 15009, 15009, 15012, 0;15039, 14265, 14265, 15009, 0, 15009, 30248, 14261;
14322, 15066, 14241, 15066, 15066, 15066, 14196, 0, 14322, 30248, 15644, 15644, 15644, 15038, 14345, 15038;14071, 0, 14196, 30721, 14622, 10060, 30248, 15052, 14322, 14322;
0, 34801, 14246, 11204;34801;
0, 15012, 30248, 0, 0;30742;15631, 30248, 0;0, 0;15012, 30248, 15631, 0;14458;
0, 0;0, 15631;14160;0;0;0;10706, 0, 0, 0;
11149, 15039, 15094, 0;15052, 15052, 15052;
11079, 11390, 0;0, 15039, 0, 0, 15060, 14799, 0, 10045, 30248, 0, 15092;0, 30248, 0, 0, 15060, 14330, 15012;0, 15012, 15644;
15631, 0, 15045, 0;15631;0, 0, 0;
14116, 10086, 0, 0, 0, 10094, 0, 30248, 0, 0, 10107;0, 0, 0, 0, 10086, 14622, 10086, 10086, 10086, 0, 10086, 14622, 14116, 10094, 14116, 0, 30248;
0, 10094, 0, 30248, 10094, 0;0, 0, 10086, 0, 0, 30248, 15631, 14362, 0;15631, 0, 0, 0;
14281, 14196, 14281, 14281, 10163, 10080, 30248;10053, 14281;10107, 14281, 14281;
15094, 0, 0, 0, 0, 30248, 0, 15631, 0;30248;
0, 10068;11394, 11394, 11394;0, 0, 14079, 10007, 10007, 0, 0, 0, 10062, 30248, 15094, 0, 14160;
10060;0;14196, 10060, 0;10060, 10060, 0;0, 0, 15012;0, 10060, 10060, 14168, 14010, 14177;14049, 14196, 14362;
14804, 14258, 0, 0, 0;14539, 14804, 0, 0, 0, 0;
15052;15039, 15039;0, 30146, 15052, 30248, 0;0, 11079;0, 0, 14318, 0, 30248, 0, 14261, 14098, 0;0, 0, 0;
14160, 14200, 14200, 0, 0;14022, 14043, 0;0, 0, 0, 14022, 14022;0, 0, 0, 14573, 0;
14110, 14110, 14110, 14110, 14110, 14110;10086, 0;
15039;10652, 10086, 10086;0;
14615, 0, 0, 0, 0, 14203, 0, 0;0, 0, 0, 0, 0, 0, 0, 0, 0, 0, 0, 0, 0, 0, 0, 0;0, 0;0, 0, 14200, 0, 0, 0, 0;
0, 0, 0, 15631, 30727, 14475, 0;0, 14088, 0, 0, 14258, 0, 0;0, 0, 0, 0, 0, 0;14258, 0;14570, 0, 0, 0, 0, 0;0, 0, 0, 0, 0, 15031, 0, 0, 30248, 0;0;
0, 0, 0, 0, 0, 0, 0, 0;0;0, 0, 0;
15052, 0, 15052, 15045, 14313, 14313, 14393, 15083, 14784, 14333, 14191, 15083, 14784, 14224, 0, 15052, 14393, 14224, 14189, 14393, 14224, 0;11116;30256, 14224, 0, 14224, 0, 15001, 14005, 14005, 14079, 14191, 0, 14393, 14393, 14224, 14784, 15577, 14810, 14042, 14036, 14224;15012, 15094;15094, 14319, 0, 15052, 30248, 0, 15038, 0, 0;0, 0;15094, 15038;
15012, 0, 0, 0, 30248, 0, 0;10211, 10107, 10715, 10003;15653, 0, 0, 15039, 10163, 14069;
30248, 11164, 11164;10086, 10086, 0, 0;30248;
15039, 15647, 0, 14345, 14626, 14626, 0, 14794, 14794, 30248;0, 14177, 30248, 15631, 0, 14615;14329, 0, 0, 0, 30248, 14041, 0;0, 0, 0, 10060, 10060;15011, 0, 0, 15083, 15094, 0, 0, 15060, 30248, 0, 0;0, 10655, 10655, 10655, 30248, 15039;15060, 0, 0, 15060;
0, 0, 0, 14281, 0, 14196, 0, 15039, 15039, 15039, 0, 0, 14196, 30248;0, 11284, 0, 0, 0, 30248, 0;10086, 0, 0, 0, 15039, 30248, 10086, 11284;0;
0, 15631, 15632, 15012, 0;10086, 0, 10045, 0, 0, 10137, 11224, 14341, 30248, 10137;0, 0;0;11375;0;0;0, 0;
0, 0, 30248, 0, 0;10211, 0, 10086;0;
0, 0, 0;0;
0, 11163;15590, 15012, 0;
10086;10083, 10083;10086;0, 0, 0, 0, 30248;0, 0, 15052;15052, 15052;10068, 10068, 10068, 10068, 10068, 10068, 30248;0;0;0;0, 0, 15039, 15052;0, 0;0, 30248, 0, 15052;
0, 0, 0, 30248, 0, 0;0, 0;30248, 0, 0, 0, 0;0, 11221, 0, 14794, 14809, 0, 0, 0, 0, 30352, 0, 0, 0;0, 0;
11209, 14445, 11116, 14322, 14173, 30046, 14475, 11097, 15092, 14102, 14281, 14648, 30248, 14173, 14173, 14627;
10657, 10094, 0, 10657, 10657, 10657, 0, 30248, 10094, 0;10104;14338, 30248, 0, 0, 14338, 14338, 0, 10053, 10053, 14322, 10107, 10107, 14338, 14322, 14338;0, 0, 30248, 10657, 14338, 0, 10657, 0, 10053, 14338;14338, 14338, 10062, 10062, 14338, 10657;
0, 0, 0, 0;0;0, 15012, 0, 0, 0, 0;0, 0, 0, 0;
15039, 0, 0, 0, 0, 15012, 0, 15012, 30248, 15039, 15039;0, 0;
0, 0, 0, 0, 30248, 0;30248, 14032, 0, 14160, 0;0, 0, 0, 30248, 0, 0;14213, 14213, 14213, 0, 14213, 0, 14213, 14213, 14213, 14213, 30248;30248, 0;15039, 30248, 15094, 15039, 15039;0, 0;30248, 0, 15039;0;
0, 0, 0, 0, 15003;
15083, 15063, 15063, 15063, 15010, 15039, 15083, 0;0;10091, 10091, 15039;15039, 15052;15039, 15039, 10091, 10091, 15052;10091, 10091;
0, 0, 0, 0, 0, 0;0;
0, 10119;0, 0;0, 10103;10104;0, 0, 0;10103;0, 10628;10104;0, 0, 0;0, 0;10104;
11098, 32064;11026;14258, 15012;0;15039, 14225, 0, 0, 14245, 14173;0;0, 0;0, 14805, 0, 0, 10062;0, 0;0;0;11385;15012, 30170, 0, 30248, 0, 14051, 14051, 0;0;
15057, 15057, 14265, 10091, 10091, 15624, 15624;0, 14366;
14173, 15092, 15092;11114;30248, 0, 15092, 15038, 15007;
15624, 14218;11219, 11219, 15094, 0, 15060, 30248, 15624, 15624;0, 15094, 0;0, 0;0, 15094;0, 15039, 0, 15039, 0, 0;
0, 0, 0, 0, 0, 0;0, 0;
15012;0, 0;
14341, 0;0, 0;0, 0, 0, 0;0;
10007, 10063, 10062, 10069, 10007;10007;10107, 14152;10068, 10007, 10068;
34214, 34846;0, 0, 0, 0;34005, 34214, 34846, 14794, 0, 14306, 14177, 0, 34214, 0, 0, 14544, 14149, 14366;14110, 15074, 0, 30228, 0, 0, 0, 0, 0;34214, 34214;
0;0, 0, 0;14177, 14177;14810, 14810, 14810, 14810, 14810, 14810, 14810, 14810, 14810, 14810;14177, 30248, 14177;0, 0;14196, 14102, 15039, 14245, 14071, 30248, 14102;15631;30170, 33017;15094;14177;0, 0;14177, 14177;10060;
0, 0, 0, 0, 0;0;
0, 15590, 0, 30248, 15039, 0, 15052;14281, 0, 30248, 30256, 30256, 10124;0, 0, 0, 0, 0, 0, 0, 0, 15039, 0, 30248, 15060, 15060, 14460;
11026, 11026, 11026, 11026;10086, 10086;
0;0, 0;0, 0, 0;0, 0, 0, 0;0, 0, 0;0;0, 0, 0;0;
0;14623, 0;0;0;0;0;
15039, 15092;30248, 0;
30248, 14088, 14088;
0, 15094;14475, 30248, 14152, 14051, 0, 15094, 14196, 15009;0, 15094;0, 0;0, 0;
0, 0, 0, 0;14160;0;15094;0;0;
0;0;0;
0, 0, 0, 14319;
0;14213;0, 14265;
0, 10106;0;0;0, 0, 0, 0, 10060, 0;0, 0;0, 0, 15094, 0;
14350, 30248, 32133, 15012, 10086, 10086, 10086, 0, 0;
15092, 0, 15012;10199;30248;
15002, 15045, 0;
0, 0;0;0, 14319, 14319, 0;0, 0;0, 0;0;0, 0, 0;0, 0, 0;14354, 0, 14012;
30123, 30832, 30832, 30832, 30120, 14041, 15012, 14703, 14652, 30248, 30017, 14703, 14753, 14622, 30734;
10086;10086, 30248, 0;0, 0, 0, 0, 30248;0;
0, 0, 10706, 0, 0;0, 0, 0;0, 0, 0, 0;0, 14377, 0, 0, 0;0;0, 0;0, 0;
0;15039;
0, 15094, 0, 10060, 14418, 30248;0, 14418, 14418, 15094, 0, 0, 0, 15094, 14322, 14418, 0, 0, 0;0, 10060;0, 0, 15094, 15094, 15012, 15078, 0;
0, 30248, 0, 0, 0, 0;0;0;
0;15009;15012, 15012, 0, 15039, 30248, 0, 15655, 0;0;15631, 15631, 15009;0, 0, 14331, 14330, 14330, 14544;30248, 10705, 10705, 10705;
10086, 10086, 10086, 14177;0;
0;15631, 0, 14225;14225;
0, 0, 0, 0, 0, 0, 0, 0, 0, 30248, 30248, 0;0;0;
0;15616, 0, 0, 0, 0, 0;0, 0, 0, 0, 0;
15631, 15631, 0, 0, 0;15039;
0;0;0;0;0;0;0, 11385, 0;0;0;0;0;0;0;0;
15094, 0;0;
10103;
0, 0, 0;0;0;0, 30721;0, 0;0;
15039, 30248, 0, 0, 10045, 10060, 0, 0, 0, 10060, 0;10060, 10060, 10060, 10060, 10060;
15066, 10068, 11258, 14404, 0, 0, 11123, 14231;0, 30170, 15012, 14545, 30123, 15083, 0, 0;0, 0;
0, 0;0, 0, 0;0, 0, 30046;0, 0;
0;0;0, 0;
0, 0, 15083;0, 0;0, 14746;10064, 14177;0, 0, 15094;0;
0, 0, 0;0, 0;0, 0;
0, 30248, 15045, 0;11156, 11156;
0, 14835, 0, 0, 0, 0, 0;15009, 14265, 14265;
15009, 0, 0, 0, 15094, 0, 0, 15009, 0;0, 0, 0, 0;
14265, 14265, 14225, 14225, 0, 15094, 15671;0, 14265, 14265, 14810, 0;
0, 0, 0, 15631, 0;0, 0, 0, 0, 30248, 0, 0, 0;0, 0, 14039, 10068, 0, 0;15631, 0, 0, 0, 0, 0;0, 0;
15092;15092;
0, 0;0, 0, 0, 0, 0;10148;0, 0, 0;0, 0, 14152, 0;
0, 0;0;0, 15094, 10107;
0, 14443;14443, 0, 0, 0, 0;
0, 14121, 14225, 30248, 14265, 0;14225, 30248, 0, 30248, 0;0, 30248, 0, 0;14225;
10692, 0, 10692, 10692, 10692;30833, 15631, 15631, 15631;15631, 15631;14160, 0, 14012;
11130, 15052, 15052, 15052, 14362, 0, 14265, 14265, 15073, 10124, 10124, 10124, 14322, 15094, 15094, 0, 0, 15009, 14435, 30248, 0, 30248, 15039, 14622, 15092;
10106, 0;0;14443, 10086;0;
11136;0, 0, 0, 0, 0;14112, 0, 0, 0, 0, 0, 14366, 30248, 0, 14345, 0;30248;0, 0;14345;
15094, 0, 0, 0, 14712;0, 14740, 0, 0;0, 14148, 14177, 0;
0, 0, 0, 0;30248;0;0;
0, 0;15094, 15039;0, 15039;15057, 14084;15012;15012, 11129, 11129;15012, 0, 30248, 15012;
0;15583, 15052, 30228;0, 0, 15052, 15052;10069, 0;0, 30080, 10069;15631;15012;15012;15012;
0, 0, 0, 0;0, 0, 0, 0;0, 0;0, 0;0;0, 0, 14281;
0, 0, 0, 0;0, 0, 14366;
14372, 14322, 0, 10069, 14652, 14322, 14322, 30248, 14809, 14809, 14151, 14330;0, 0, 0, 0, 0, 0, 14622, 0;14810, 14810, 0, 0, 0;
0, 30248, 15012, 0, 0, 0, 15094, 0, 15094, 0, 15012, 15012, 15012;
0, 0, 0, 0, 0, 0;0, 0, 0, 0;0, 0;
0, 0, 0, 0, 0, 0, 0, 0, 0, 0, 0, 0, 0, 0, 0, 0, 14079, 14306, 0, 14798, 14810, 14213, 10068, 10068, 0, 15052, 33054, 14810, 0, 14031, 14784, 10706, 14145;0, 0, 0, 0, 0, 0, 0, 0;10091, 10091, 10091, 10091, 0, 14160, 0, 15052, 14160;
0, 0, 0, 0;
0;32295, 32295, 32295, 32295, 30248, 0, 0, 0;0;
11151;10632, 10086, 10086, 11151, 0, 10086, 10086, 0;10675, 0;
0, 0;15094;
11032;0, 0, 0;0, 0, 0, 0, 0;0, 0;0, 0;0, 0;0, 0;0, 0;0, 0;0, 0, 0, 0;0, 0;0, 15631, 0;
0, 0, 0, 0, 0, 0;
0, 0;0, 0;0, 0;
0, 14805, 10706, 15052, 15052, 15052, 15039, 14805;0, 11148, 11334;14622, 14622, 0, 0, 0;15052, 15052, 15052, 14622, 0;
15052, 0, 0, 0, 15052, 15052, 15052, 15009;15009, 0, 15049, 15012, 15009, 0, 14651, 15009;15009, 15009, 15092;15052, 15092, 15009, 15009, 15009;
0, 0;0, 0;0;11223, 0;0, 0, 0;15052, 0;15094, 0;0;30253, 0, 14112, 0, 14098, 0;0;0;0;30256, 0, 30322;0, 15094;15012, 0;10124, 10724, 10724, 10124, 10608, 10608;0, 15012;0, 14200, 14200;15094, 0;0;0, 15012;0;15012, 0;0, 30727, 0;0;0;30170, 30170;0, 0;0;0;0;0, 0, 0;0, 0, 0, 0, 14200, 0;14032, 14032;
15012;15012, 0, 15067;15631, 15631, 15094;30248, 15060, 15094, 0;0;
15060;15023, 15631;15023;
0, 0, 0;31095, 0, 0, 31095, 30248, 0, 0, 0;0, 0, 0, 30248, 0;0, 0;0, 10086, 0, 10086, 0, 0, 0, 14444, 10047, 10047, 14444, 0, 10741, 14444, 30248, 0, 10741;0, 0, 0, 30248, 0, 0;0, 0, 0;0;15074, 0, 30248;15074;0;0, 0, 0, 0, 30248, 11154, 0, 0, 0;15590;15092, 15092;0, 0, 0, 0, 0, 15009, 0, 0, 0, 30248, 0;0, 0;0, 0, 30248, 0, 0, 0, 0;
0, 15039;15039, 0, 0, 10086, 10086;
15060, 0, 0, 0, 15074, 0, 30248, 0;0, 0;
0, 0, 30204, 0, 0, 0, 0, 0;0, 31017;0, 0, 0;0, 15045, 30146;15052, 14079, 0, 15067, 14810, 14213;10060, 0;
0;14173;
10007, 0, 0, 0;0, 15039, 15123, 0;0, 0, 0;0, 0, 30355, 14475, 14475, 11130, 0, 15092, 15092, 15092, 30248;0, 0, 0;
14051, 10211, 30248, 10163;14051, 14435, 0;10005;10062, 10163;
0, 15052, 0;14729, 0;0, 0;0;0, 0, 0;0, 0, 0;0, 0;0, 0, 0, 0, 0, 0, 0, 15052, 0, 0, 0, 0, 30248, 0;0, 0, 0, 0, 30248, 0, 15038, 15038, 0, 0, 0, 0;30046, 0;0, 0;15052, 0, 0, 0;0, 0, 0, 0, 0;0, 0;15052, 0;0, 14728;0, 0, 15003, 15003, 0, 0, 30248;0, 0, 0;0, 0;0;0, 0;0, 10086, 10086, 0, 0, 0;30248, 0, 0, 0, 0, 0;11385;30248, 0;
0, 10086, 0, 0, 0, 14354, 0;0, 0, 0;0, 0;0, 0, 0;10086;
15631, 15631, 14458, 14458, 14622;15631;
0, 0, 0, 15078, 0, 0, 15078, 14622, 10124, 10124;0, 0, 0, 0, 11221, 14168, 11008, 11008, 30248;30060, 30248, 0, 30293, 10086, 30170, 11131;10033, 0, 10033, 0, 0, 0;0;
0, 0, 15039, 0, 0, 0, 0, 0, 0, 0, 15094, 15094, 0, 0, 0, 30248, 0;0, 14069, 0, 0, 0, 0, 0, 14224, 0, 0, 0, 0, 0, 0, 0;
0;10060, 31027, 10711;0, 0, 0;0, 0, 0;15012, 0, 0, 0, 0, 0;0, 0;15012, 0;0, 0;15012;15083, 0, 0, 0, 0, 15045, 15039;15012, 0;0, 15012;0, 15012, 0;15012;0;
0, 15094, 15094, 10123, 0, 10123, 0, 15012, 0;0;14404, 0;
0, 0, 0, 0, 0, 0, 0, 0, 0;0;0, 0;0, 0, 0, 14225, 0, 14225, 14395, 0;0;0, 0, 0, 0, 0, 0, 30216, 30170, 0, 14442;0, 14051, 0, 0, 14350, 0, 0, 0, 0, 14208;
15066, 14313, 30248, 0, 0, 0;10084, 0, 0, 30248, 15009, 0;0, 15031, 15094, 0, 0, 15092, 0, 30248;15092, 10038, 14071, 30248, 0, 15009, 0, 15083;
0, 0, 0, 14767, 30248;15039, 0, 0, 15094, 14281, 14281, 15094, 30248, 10106;14281, 15039, 10106;0, 0;
10198, 10198, 30248, 10659, 14678, 0;
10060, 10060, 15052, 0;0;0, 0;14229, 15092, 14322;14281, 10060, 10060;0;14622, 14622, 0, 0;15038, 0, 15038, 0, 0;0, 14245, 14442, 0, 30248, 14372, 14071, 14281;0;
0, 0, 0, 0, 0;0, 0, 0, 0;0, 0;0, 0, 0, 0, 0;0, 0, 0, 0;30170, 10107, 10107, 10107, 30170, 30170, 0, 0, 0, 0, 0, 0;0, 0;0, 0;14322, 0;0, 0;
15012, 0, 0;0, 0, 0, 0;
0, 0, 0, 0, 15011, 0, 0, 0, 0, 0, 15092, 0, 0, 0, 0, 0, 0;0, 0;
0, 15012;30170, 0, 30170, 15012;
15094, 15094, 0;0, 0;
30340, 31166, 30829, 14225, 0;14421, 14098, 14005, 14005, 14005, 14005, 14005;
0, 0, 0;0, 0, 0, 0;
0;0, 0;0;0;
15094, 15094, 0;15039, 0, 0, 0, 0;0, 0, 0;0, 14177;0, 0, 0, 0, 15052;10007, 10007, 0, 0, 0, 0;
14322, 0, 0, 0, 0, 0, 0, 0, 14622, 14173, 0, 14622;0, 14051, 0, 0, 14177, 14051, 31017, 15624, 15624, 0, 0, 31133, 0, 14196, 0, 14196, 0, 0, 15052, 14177, 14177, 0;0, 15052, 0, 31088, 0, 0, 31017, 0;0;0, 0, 0, 10706, 0, 0, 10715, 15052, 0;14173, 0, 14196;
14449, 0, 14338, 14338, 0, 0, 15564, 14338, 15564, 14268, 14449, 14338, 14338;0, 0, 0, 0, 15052;
0, 14098, 0, 0, 14810, 0, 0, 0, 0, 30764, 0, 0, 30248, 30248, 14810, 14031, 0, 0;0, 0, 0;
0, 14247, 0, 0, 0, 10060, 0, 0, 0, 0;0, 15094, 14177, 15094, 14043, 0, 15039, 14191;0, 0, 0;0, 14783;
15009, 0, 15039, 14396, 15073, 14396, 30248, 14355, 0;14267, 30813;30248, 0, 0, 0, 0, 0, 10106, 0;30798, 30355, 14396, 0, 14104, 15009, 15577, 14396;14769, 0, 14769, 10064, 15039, 10062, 0, 14117;14355, 0, 0, 0, 0;14396, 14622, 15039, 0, 14355, 0, 14396, 15009, 0;14355, 0, 32295, 14623, 30253, 0, 0;15052, 14396, 15039;
0, 0, 11079, 0, 0, 15045, 14362, 0, 14396, 14396, 0, 0, 14033, 30248, 0, 0, 0, 14123, 0;0, 11129;0, 0, 0, 0, 0;30170;0, 0, 0, 0, 0, 0, 0, 0, 30248;15052;0, 30180, 0, 30248, 0;0, 0, 14362, 0, 0, 0;15094;15094, 15052, 0, 0, 0, 11154, 30248, 0, 0, 0;0, 0;0;
0, 15039, 15094;15094, 15094, 0, 0;15094, 15039, 15039, 15012, 15012;15094;
0, 15011, 15011, 14362, 14281, 0, 0, 0, 0, 14196, 0, 14372, 10086, 30248, 15052, 15052, 10086, 0, 10710, 14196, 14397, 10106, 14362;10106;
15094;15012, 0, 0, 0, 15012;0;15094;15092;0;14079, 0;30248, 15012, 0, 0, 15039, 0;14330, 15012, 15012;15060, 0;0;14443, 15078;0, 0, 0, 0;0;0, 0, 0, 0, 0, 0;
14123, 14167, 0, 0, 14231, 0, 0, 30248, 0, 14168, 14044, 0;14366, 10719, 10094, 0, 0, 0, 10719, 0, 10719, 10123, 10123;32295;0, 0, 0, 0, 0, 0, 0, 0, 0;0, 0, 0, 0, 0, 0, 0;14098, 14145, 0, 0, 0, 0, 0, 14268, 14623, 14544;0, 14366, 0, 0, 14098, 15045;15631, 14362, 0, 14168, 0, 0, 30170, 0, 0;0, 14362, 0, 0, 0, 15631, 0, 15066, 0, 0, 0;15060, 14362, 14362;
14196, 14196, 10632, 10632, 14196, 14082, 14196, 10706, 30248;14196, 14196, 14475, 14442, 14719, 14281, 14442, 11327, 30248, 11327;
0;14463, 14822, 14822, 10703, 34854;0;14100, 0;0, 0;34214;0, 0;0;0, 0;0;0, 0;0;0;34060;0, 0, 0;34060;15039, 15083, 15083, 15083, 15083, 15083;0;15094, 14168, 14168, 0, 15009, 15009, 14803, 0;0;0;0, 34079, 30717, 34128, 0, 0;
14810, 14079, 14079, 14079, 10086, 10086, 14301, 0, 0, 30248, 0, 14810, 14752, 0;0;0, 0;
0, 14225, 14225, 0, 0, 0;0, 14366, 0;30004, 15012, 15012, 0;14041, 30248, 14622, 14622, 0, 0, 14162, 15012;14051, 11106;10091, 14810, 10091, 10091, 10091, 10091, 10091;14545, 0, 14051;0, 14545, 15012, 0, 0, 0;
0, 0, 0, 0;0, 0, 0, 0;14322, 14475, 14475, 0, 0, 0, 14233, 14265, 30248, 14788, 14788, 14350;0, 0, 0, 0, 14338, 14338, 10211, 10211, 14338, 14338, 15074, 0, 0, 15066, 14338, 15038;
14784, 0, 33054, 14191;15012, 15009, 15009, 15009, 0, 0;15009, 15009, 0;15644, 15644, 11159, 15100, 0, 15644, 11159, 11048, 15092;15009, 0;14160, 0, 14160, 14160, 0, 14160, 15094;15094, 15009, 15094, 14345;15009, 15009, 0, 0, 14152, 14322, 15094, 15094, 14265, 14208;0, 0;0, 0, 15009, 15100, 15094;0, 15094, 0, 0;15123, 0, 0, 15123, 15123, 15123;15094, 15094, 0, 0;11159, 11159, 11159, 0, 0, 11048, 14191, 15631;10091, 0;15094, 33054, 0, 14152, 0;15011, 15094, 14160, 0, 15009, 15045;15094, 0, 15009, 15009;0, 0;
0, 0, 0, 15052;
0, 0, 0, 0, 0, 0, 0;
14780, 14313, 14781, 15094, 10063, 0, 10163, 0;0, 0, 15082, 0, 15001;15094, 11217, 0, 0, 0, 0, 11051, 0, 0, 0, 14650;11051, 0;14318, 15060, 15067, 14088, 15066, 15066, 14544;30730, 30833, 0, 0;14810, 0, 15083, 10106, 0, 14366, 11079, 14810, 11079;
0, 0, 15631, 0, 0, 0, 0, 0, 0, 0, 0, 0, 30248, 15631, 15039;
0;14168, 0;15590;
0, 0, 0, 10062, 0;
0, 30248, 0, 0, 10060;15094, 30248, 0, 15123, 15052, 0;0, 30248, 30192;15009, 30248, 15094, 0, 0, 15094, 0;14338, 14189, 14338;30248, 10086, 0;14580;15039, 0, 0, 15123, 0, 15123, 0;0, 0, 30248, 0, 15039;30248, 10086, 15009, 14622, 15039, 15002, 14622, 15038, 15123, 0;34224;30262, 30262, 14268, 0, 0, 0, 30262, 15123, 0, 0, 0, 31027, 0;14322, 30248, 0, 0, 0, 0, 0, 0, 15039, 0;0, 14705, 14544, 15123, 30248, 14705;30170, 34832, 14196;0, 15123, 0;14322, 14196, 14322;14069, 30248, 10124, 30833, 14694, 15039, 15052, 34003, 14241;14544, 0, 0, 0;
15012, 30192, 0, 0, 0, 0;14519, 0, 0, 14196, 0, 15094, 15092, 10086, 10706;14366;15094, 0, 0, 0, 14322, 0, 10086, 15631;
10086, 0, 0, 0, 14322, 10741, 15073, 15094, 15631, 0, 0, 10106, 0, 14071;14665, 0, 10086, 14362, 15031, 10154, 15078, 15078, 14071;15094, 0, 0;
14803;15009;15009;15009, 15631;30248, 0, 15631, 15631;15009;30248, 0, 15631, 15631;15094;10086;15631;0, 30248, 10164;0, 15631, 30248, 15012;15631;15631, 15631, 30248, 0;15009, 15631;0;10086;31053, 31134;30248, 15631, 15631, 0, 15631;
0, 0, 0, 0, 0, 0;15590, 0;0, 0, 0, 0, 15631;0, 0;
0, 15060, 15012, 15011, 0;0, 15011, 0, 0, 0;15052, 15012, 15012, 15011, 15011, 0, 15564, 0, 0, 0;0, 0;
0, 0, 0, 15094;14123, 14123, 14116, 14449, 14449, 30248, 14082;
10029, 10066, 10066, 15039, 15052, 15052, 10029, 0;14035, 0, 0;
0, 10163;10060, 0;10060, 10060, 0, 0, 0;14826, 0, 0, 10080, 10080, 0, 0, 10080, 30248;
0, 30248, 0, 0, 0, 36060, 0, 36060, 0;0;0;0, 0, 0;30826, 30826, 30826, 34804, 30826, 30826, 30826, 30826;11222, 0;30832, 0, 0, 30248, 0, 0, 15031, 30105, 30262, 30017, 30216, 0, 0, 0, 0, 0, 30017;0;31027;0;32059;0;14045;31027;0, 0, 30248, 0, 0, 0;15057, 0;0, 11227, 11227;0, 14366, 14112, 30186, 0, 0, 0;14652, 15052;11204;0, 0;33033;0, 15011, 0, 30248, 0, 15094;33020;0, 14076, 0, 14804;0, 0, 0;0, 0, 15094;15052, 0, 14168, 32036, 0, 0;0;
14177, 0, 14445, 14440, 14440, 14177, 10127, 0, 10127, 15012, 0, 14442, 30248, 14622;14281, 30833, 14445, 14442;
0, 0, 0, 0, 15012, 15012, 0, 30248, 15094, 15548, 15548, 0, 0, 15067, 15067;15094, 15012, 0, 15094, 11224, 0, 0;
0, 14016, 0, 0, 0;0, 0, 0;0, 0, 0, 0;0, 0, 0;
15557, 15557, 30248, 0, 14032, 15012;14799, 0, 0, 10060;
0, 0, 14785, 0, 0, 15011, 14746, 15036, 14080, 14080, 0, 0;15094, 0, 15094, 0, 15052, 0, 14322, 10097, 10741, 14785, 14168;0, 0, 10097, 0, 0, 0, 0;0, 0, 14784, 14372, 10741, 15094, 15052, 14293, 0, 0, 14785;
14622, 15012, 15092, 15092, 0, 0, 0, 0;
14236, 15039, 0;0;
15052, 0, 0;15631, 15631, 15094;15028;15052, 14043;15052, 14301, 14301;
15012;15012, 15012, 15012, 15012;15012, 15012, 0;15012, 14160;15012;15012;15012;14213, 15012, 15012, 15012, 15012, 14213;15012, 15012, 15012, 14386;15012, 33046;
0, 0, 0;14705, 0, 14319, 14319;15074;11146;
0, 0;0;0, 0, 0;0, 0, 14366;0, 0;0;0, 0, 0;0, 0, 0;0, 0, 0;0;
10106;0;15039;0, 15039;0;15052, 0;0, 15039, 15052;11048, 0;0, 15039;0, 15052, 30170;10691, 0;0;
15012, 15012;0, 0, 15094, 0, 0, 0, 0, 15052;15012, 0;15052, 15052, 0, 0;0, 0, 0, 30170, 0;0, 0, 15052, 30248, 0, 15012, 15012, 0, 15012;0, 15012, 15094, 15057, 15094, 15001, 15057, 15057, 15094, 15057, 15052, 0, 0, 0, 15057, 0, 0, 0;
0, 0;0, 0, 0, 0;14475, 14794;
0;15012, 0, 15094, 14322, 14116, 14116, 31165, 31165, 0, 15039, 15038, 0;0, 0, 0, 15039, 0, 0, 15039, 0, 0, 0, 0, 15067, 14098, 0, 0;0, 15094, 0, 15039, 15038, 15012, 0, 0, 0, 15012, 0, 0, 0;0, 0, 0, 15039, 0, 15039, 15039, 0, 0, 15039, 0, 15012, 15012, 15012;15039, 15012, 10080, 15012, 0, 0, 0, 0, 10730, 0, 15039, 10730, 14177, 14044, 14173, 15083, 15012, 0, 0, 0;0, 0, 0, 0, 15039, 15039, 0, 15094, 0, 0;
0, 15092, 15092, 34078, 15094, 0, 0, 34175, 34017, 34764, 34079;0, 15094, 0, 15094;0, 0, 0, 15092;0, 0, 0, 15094;0, 11224, 11224;0, 0, 34129, 11258, 34079;
15092, 15092, 0;30248;
14442, 10086, 14196, 14208, 14445, 30248, 14444, 14444, 10086, 11154, 11118, 10702, 10107, 10697, 14612, 10107, 10106;10068, 10211, 10060, 14041, 10703;
0;14265, 14265;0, 0;0, 0, 0, 0, 0;0, 0;0, 0, 0, 0, 0;0, 0;0;0;0, 0, 15052;0, 0;
11123, 10727, 11385, 11385, 11392, 0, 34039, 0, 11159, 11159, 30248;0;
15052, 15052, 0;0, 0, 15052, 0;0, 0, 0;15052, 15052;0, 0;0, 0, 0;0;0, 0, 0;0;0, 0;0;0, 0;0, 14322, 0, 0, 0, 14322;0, 0, 0;0, 0;10060, 10060;0;0, 0;15052, 15052, 15094;0, 0;
10062, 0, 0, 10211, 30248, 15083, 15083;0;0, 0, 15094;0, 0, 30248, 0, 34855, 34855;14112, 14261, 14160, 30248, 14032, 14160;0, 0, 0, 0, 0, 15094, 14366, 30248, 14366;15011, 0, 0, 14366;30248, 14012, 15094, 0, 0;14810, 15012, 14810, 14366, 14112, 0, 14203, 30248, 30235, 14810, 14810, 14810, 0, 0, 0, 0;0, 0, 0;
0, 0, 14177, 0, 0, 0, 0, 0, 0, 14177, 0, 0, 0, 14177, 15066, 30248;0, 0, 0, 0, 15052, 0, 0, 0, 0, 0, 0, 0, 0, 0, 0, 0;0, 14098, 0, 0, 0, 0, 0, 0, 30248, 0, 0, 0;0, 0, 14475, 0, 0, 15092, 14145, 14145, 0, 14475, 15590, 0, 15545, 14319, 11327, 0, 0, 11229, 14189, 14168, 14805, 15092, 0, 30727, 34214, 0, 14805, 0, 0;0, 0, 14173, 14121, 0, 14249, 14357, 0, 0, 0, 0, 0, 14177, 0, 0, 14338, 30248;0, 0, 0, 0, 0, 0;0, 15590, 10064, 10063, 15012, 14098, 14177, 15060, 0, 30248, 0, 0, 0, 0;14333, 14301, 14098, 0, 0, 14333, 0, 14338, 14338, 0, 0, 0, 0, 0;0, 0, 0, 30248, 0, 0, 0, 0, 0, 0, 0;15052;0, 0, 14160, 0, 0, 0, 0, 0, 0, 0;0, 0, 0, 0, 0, 30248, 0, 0, 0, 0, 0, 0;0, 0, 0, 15564, 14098, 0, 0, 15039, 0, 0;
0, 14213, 14810, 14788, 14213, 0;15012, 0, 0, 0;15012, 15094, 15012;15060, 15548;
0, 0;0, 14366, 0, 0, 0, 0, 0, 15039;10062, 30248, 10060, 15039, 10062, 15094;15012, 15039, 14832, 14832, 0, 0;
15012, 0;0, 14118, 14035, 14035;
15012, 15631, 15631, 0, 0, 0, 15094, 0, 0, 0, 0;0, 0, 15631, 15631, 0, 15060;0, 0, 0, 15631, 15631, 0;15631, 0, 0, 0, 0, 0, 0, 15631;0, 0, 11209, 0, 0;0;0, 15052, 0, 14318, 15012, 15052, 30248;0, 0, 15039, 0, 0, 15052, 30248;0, 15576, 15576, 15576;0, 15039, 0, 0, 0;0, 0, 0;0, 0, 15039, 0, 0, 15012, 0, 15012;
0, 0, 0, 0, 0, 0, 30248;0, 0, 30248, 0, 0, 0;0, 15009, 0;0, 0, 30248, 0, 0, 15009;0;0, 0, 0, 0, 10062, 0, 10062, 0, 30248;0, 0, 0, 0;0, 0, 0;14267, 0, 0;0, 15009, 0, 30248, 14545;30248, 0, 0, 0;0, 0, 0, 30248;0, 0, 30248, 0, 0;
0, 0, 14338, 0;0, 0, 0, 0;14160, 14098, 0;0, 0, 0, 0;
15009, 15009, 15009, 15009;0, 15009, 0;15009, 14044, 15045;15009, 15045, 15009, 15009, 15009, 15026, 14293;14044, 15009, 14044, 15009, 0, 0, 15039, 15039;15009, 14044, 14044, 15039, 15039;0;
0, 0, 15039, 14743, 0, 10107, 15094, 0, 0, 0, 0;0, 30170, 0, 10659, 0, 0, 14118, 15052, 14544, 0, 0;0, 0, 0;
0;0;0, 0, 31133, 0, 0, 31027, 0, 0;11388;30193, 0, 0;0;0, 0, 30248, 14345, 14126, 14126, 14126, 0, 14127, 14126, 14830, 0, 0, 14580, 14580, 14580, 14580, 14531, 14726, 14726, 14168, 14168, 14197, 14726, 14726, 14197;15052, 15012, 15052, 15052, 11131, 11106;0;0;0, 0, 0, 0, 0, 0;31030, 0;15052;0, 0, 0;
30248, 15624, 0, 0;0;0, 30798;0, 15094;0;0, 10107, 10107;0, 0, 0;0, 15066, 0;0, 15009, 0, 0, 15009;15009, 15009, 15009;
0, 0, 0;0, 0;0, 0;0, 0, 0;
0, 0, 0;0, 0, 0, 0;0;0, 0, 0, 0, 0, 0, 0;0, 0, 0;0, 0, 0, 0, 0, 0, 0;0, 0, 0, 14810, 0;0, 0, 0, 0, 0, 14544;0, 0, 0, 0, 0, 0, 0;0, 0, 0, 0, 0;0, 0, 0;30248, 15052, 11123, 15094, 10086, 0, 0;0, 0, 0, 0;0, 0;0;
30248, 0, 0, 15094, 0, 14322, 14281, 14196;30248;
15052, 0, 0, 0;
0, 0;0, 0, 10107, 30248, 14366;11345;15094;0, 0, 0, 15094;15094, 14443, 0, 0, 0;15094, 0, 0, 0, 0, 0, 10125, 10125, 0, 10125;0, 11114;0, 0, 0, 0;
14460, 0, 30170, 14460, 14460, 14460, 0, 0, 0, 0, 14231, 30170, 0, 30170, 30170, 30170, 15094, 30248, 15052, 0, 14079, 14545, 10086, 14079, 11385, 10086, 31168, 0, 15052, 15052, 10086, 10060, 10086, 32133;0, 10086, 10086, 14362, 14350, 10086, 10086, 14245, 14350, 14051, 14362, 14422, 14422, 14422, 14422, 15590, 15590, 15052, 15052, 14362, 14322, 14460, 14460, 14460, 14460, 0, 14258, 14322, 14233, 14460, 0, 0, 30248, 14208, 14196, 14350, 10706, 10706, 34214, 14350, 0, 0, 0, 14350, 14051, 10706, 14051;0, 10706, 10706, 10706;
0;15092, 15012;15012;11344, 11049;
