10119020, 14596019, 10119019, 11511084;11020014, 27000573, 25120016;23113003, 15005006, 23113025, 15130006;27000573, 25120016, 25111048;27200924, 27300273, 27002573, 27000556;25112012, 14863008, 15242005, 14112003, 25120016, 27000573;14121037, 27000582, 27000582;22008012, 14831009, 10110017;15004041, 27000582, 14101122;23132068, 27000582, 27300273, 14121037;27000582, 27000582, 27300273;14121012, 27410044, 22102005, 22172000, 25101011, 30380003, 22002239, 22102014;27002194, 27002194, 27000582, 27000582;22040007, 24000333, 22171004, 10201002, 14834017, 24000333, 14903003, 14835060, 22111004, 14900009, 27300282, 10136005, 27300279, 22102014, 10132002, 30380002, 14860017, 14834008, 14834007, 21700018, 10401008, 10300019, 10300019, 10300019, 22170001, 22103010, 22130007, 22120005;14092014, 14092013, 14091006, 14402009, 14091009, 30380002, 14092017, 14092015, 22030005, 22030005, 14121037;22030005;27410002, 27410001, 15004041;
20121037, 27410000, 24101000, 22601000;25111045, 25111045, 20121037, 20103019, 20014001, 14121013, 25111045, 25101044, 27000581, 27000581;14831034, 22102014, 14900021, 14900021, 14830045, 20014001, 14750041, 24101000;
15114015, 14770017, 30380003, 14837004, 15110035, 15130027, 24110003, 23132068, 15114015, 22036000, 22802001;15130027, 14533004, 15110035, 15110035, 14534001;15110035, 15110035, 15130013, 15130027, 15130009;23121052, 15130027, 11501060, 15114015, 15130027, 23132068, 11501048;14770027, 23130076, 23131002, 14534001, 15114015, 15114015, 14570011, 15200007;15130009, 15110035, 15130027, 15114033, 15110035;14260008, 15200007, 15114015;22600000, 22671068;14636010, 24111015, 14636004, 15110003;14636014, 15110003;
15130035, 14860020, 14860020, 11205000, 11205000, 11205000, 11205000, 11231044, 30320011;11300182, 11220060, 27000574, 14721026, 11300121, 22020008, 14826024, 30380002, 11300057;11303131, 11233108, 14903006, 14903006, 14903006, 14903006, 11230215, 30233016, 11301065, 11231043, 14830021;
22036000, 22036007, 10110025;23110155;
27410007, 27410003, 25101044, 27200924, 27200924;34713026;27000581, 25111048, 27210006, 15242003;25101044, 27200924;
23110009, 27100542, 15139003;14243008, 15110015, 14075010;14060006, 14722095, 14722095, 14722096, 14722096, 14082002, 14052010, 14054002, 14092063, 14851012, 14722036, 30380002, 30380002;
11521012, 10152017;15230004, 14750056, 15110046, 10152017, 10151000, 22500001, 10300021, 30380002, 30541005, 15010018;14830021, 30380003, 10133001, 10151000, 10151000, 10151000, 10151000, 10151000;10151000;
23120001, 23134003, 23134003, 27000574;30380001, 23134003;
27200924, 24220016, 24220021, 27200924, 15469020;14100052, 14510003, 27300282, 10001006, 22020006, 15110044;15469024, 10150006, 14636009, 27200924;10001008;10000006, 14100051, 14270003;22035000, 10000005;10002022;23110009, 15243003, 15202028, 15115013, 10150006, 14831009, 10150006, 15469003, 14830013, 11303146, 14015070, 30380002, 14804000, 14833011, 11044019, 14811025, 14300001;14655001, 10312015, 10310047, 14721034, 22001000, 11104021, 10119138, 10119138, 30380002, 14402013, 15242009, 27200924, 15110076, 27200924;10119139, 10119138;14900011, 14903006, 27002169, 14903006, 10000016, 27002572, 27002554, 30380002, 15115013, 14903002, 14831001, 14905003, 22020006, 15402019, 14903006;11111001;10119138, 11532035;11231100, 30541025, 15231004;
22030005, 27410000;
15115003, 10119138, 14140210;30380003, 14120031, 15115003, 15115003, 15115003, 10140002;
14822002, 14753009, 22102006, 22601000, 15130035, 22008019, 30380002, 14822002, 14905000, 14905000, 14905000, 14905000, 14905000, 14905000, 11502024, 11502024, 14905000, 11502024, 14905000, 14905000, 14905000;40000674;15022002, 22008012, 14105024, 14222034;32316004, 14222034, 14080017;40000700, 40000700;23120001, 15503022, 30380002, 27410000, 14222034, 22020006;15022003, 14222033, 14222034;27100542, 30380003;
10001008, 27000582;10002003, 10002003, 27000582;
10150016, 14121001, 23120001;24011110, 27400855, 14082023, 14352016, 15115043, 14091011, 14091046, 14001018, 14013026, 23110001, 27410003;27400855, 14082023, 23110006, 23121052, 14862007, 14076012, 14131023, 27410005;15004051, 15004071, 27410005, 15115028, 27400855, 23120001;23132063, 27410005, 23131002;14091047, 15004055, 14082023, 11501060, 14031031;
10141042;30380003, 23120001, 10119061, 10141042, 27410005, 27410005;
32143002, 21400004, 27002167, 11531010, 25005060;11521015;
27000582;27000582, 10119075, 10119075;27000582, 27000582;27000582;27000582, 10119075;10119075, 10119075, 27000582;27000582;10119075, 27000582, 10119075;27000582;10119075, 11521012, 10119075;23132068, 30380003, 30340036;
27200938, 14630003;14013009, 14072004;14630003, 14630003, 14596013, 27002169, 11531011, 14013009, 15230002, 14072004;11056043, 11054048, 11054048, 11300180, 11056041, 11054086, 11056009, 11300175, 11054086;22035000, 22036000, 27002169, 22008020, 14661007, 25101044;14072004, 25101044, 14013009, 15242005, 27002440, 22007031, 15004045, 15004045, 15231005, 15230002, 15605013;22002240;
10300006, 22630010, 22036007, 22002239, 10300006, 11312020, 22631002, 14774022, 10310021, 22020002, 10310042, 30380003, 14861008, 14860017;25120016, 22111004, 27002555, 27002560, 30380002, 22036000, 14750041;
11111001;27410000, 21801125, 24401008, 15114003, 23110190, 15114003, 11500065, 25100108, 22610103, 23110190;25101044, 15119001, 14520003;14860021, 14863009, 14860021, 27300281;
14100057, 14222008, 14091088;14100053;
23110001, 15263000, 23110005;
15112000, 23110009, 23110007;30380003;
40000675;22004008, 14082026, 14084004, 14407015, 22111008, 25121022, 22007005, 25121022, 22103001, 25121022, 23132068;15113000, 15113000, 22008009;
15115003, 22008012, 15503029, 30380002, 31023001;23131002, 30380003, 15130027, 11532036, 11532036, 10112005, 10111002, 23131002;15115003, 14074059, 15115003, 15115003, 15115003, 22802001, 15115003, 11011028, 15115003, 15115003, 22102014, 11500065, 11501048, 11501048, 11501048, 11532036, 11532036, 11230133, 11500065, 15000008, 30380002;14010017, 23110007, 14060002, 23132063, 14073020, 23131002, 14013011;11532036, 11532036, 11303055, 11230132, 11303055;
11141002;14525018, 14014036;11141002;
25120035, 22102005, 15114015;15114003, 15130006, 15114003;27000007, 23132072, 22002240, 30380002, 15110026, 15110026;15114003, 22002240, 15110027, 15110026, 15114003;15114003, 15114003;
15019012, 10112000, 14092063, 14092059, 14092044, 14092059, 14092042, 14092068, 15114000, 30380003, 30380002, 15110015, 14092022, 14092045, 14092043, 15019012, 10112000;11231075, 11220008, 11200010;15110031, 14092043, 14092043, 14092022, 14092042, 14092042, 14092044, 14092059, 14092059, 14092044;
27002169, 32416009, 15115001, 15115001, 11501065, 11501065, 15115000, 30380002, 15000007, 23110009, 15114015, 11501068, 11501065, 23110009, 15115000;14050017, 14596015, 14661006, 27400855, 15022003, 15402007, 15115000, 24010812, 15110001, 27002169, 30380002, 14917010, 14722066, 14050022, 14121012, 32316035;
10435038, 10300037, 10300037, 10300037, 10300037, 30380003, 10141029, 10435033, 11057177, 10435023, 10435023;10501054, 32736022;14092039, 14231002, 10300084, 10300084, 10300084, 14090042;
25111048, 25111048, 25111048, 25111048;25101044, 25101044, 25101044, 15200009, 14594007;14831017, 25111048;25101044, 25101044, 14900015, 14900015;25111045, 25111048, 25111048;
27200924;22102005, 22600000, 22102014, 23110001, 15242026, 22103001;30380003;27200924;27002560, 27002561, 27000582;27002558, 23132068, 22101000;11110046;25101044, 23112032, 25111048;22102014, 23110187, 22111004;
14130044, 14130044, 10008003, 14722053, 30380003, 14143002, 14143002, 10002007;
22701014, 22500022, 14300007, 22702006, 22008009, 22601000, 22002240;22500022, 22000009;
15119000, 15119000, 15119000, 30380002, 22036000, 24101006;
27002173, 23110009, 24000335, 23134003, 24403017, 24401008, 15202080;21700003, 24111002;24401008, 22021005, 27002169, 27002173, 23110009, 15202080;24403018, 21700003, 23110009, 24401008, 23131002, 23134003, 23134003, 30380003;24401008, 23131002, 27002167, 23110009, 15202079;23110009, 24403017, 14802056;24401008, 15202079, 23131002;
23131002;23131002, 11521062;11052009, 10141014, 11044023, 15235001;11051003, 30511006, 22020002;34363011, 34363011;
30380002, 32416010, 10141026, 10141026, 10141026, 10141025, 10141025;
15130027, 27000582;27300273, 25110012;
27000582;27000582;25101011, 25120016;27200924;25101011, 27410002;25101011;40000700;27200924;27000574, 27410005;40000700;40000700;27410003, 27410003, 27410003;40000700;40000700;40000700;27200924;40000700;27200924;25100108, 27200924;23131002;27200924;40000700;27000582;27002573, 27002575;25111048, 25120016, 27300273, 27300273;27200924, 25120036;25120016, 27000576;15110002;25120016, 27000582;27410003;22000049;27000576;20121056;25111048, 27000576;15113002, 15113002, 15113002, 15113002;27300273, 30380003;27000582;10501112;27000582, 23132061;10008008, 10000016, 10140008, 10002034;27300273, 27000582;22036000, 22000049;
40000676;40000676;
10131002, 15110080, 15110079, 22034026, 22008020, 10131002;22671073, 15119001, 10131002;10131002;10131002, 15116003, 15116003, 15116003, 15116003, 14873001, 15116003, 15116003;15116003, 15116003, 14243008, 10131002, 10131002, 15110032, 14082014, 15110032;14750061;10131002, 23132068;15116003, 14928006, 10131002;10131002;25120014, 27400061, 10131002, 10131002;24010809, 10131002, 10001007;10131002, 24010823, 10001007;24010819;14873001;22111026, 25120016, 10001007;22001000;10131001, 15116003, 10001007;14842024, 10131002;
11111001, 11250000;10140005, 10140005, 10140005;15405002;
15111003, 27410000;27200924;23113019;
27000576;25101011;25120036;25111048;27000576, 27000576;25101011, 27300273;15119001, 22000029;25101011;27000576;22021268;25101011;25101044, 22671073;27000576;25120036;27000576;25111045;22036000, 15119001;27000576;25101011, 22671073;25120016;25101011;25111021;27000576;25101011;25101044;27000576;25101011;25101044;25101011;25101044;25101011;25101044;25101011;22020002, 22111004;27210006, 27210006;25101046;22100010;25101011;22036000;22035000;25120016;25120016;25101046;25120016;
15115028, 22034026, 15114000;15115003, 27200924, 15115003, 15115003, 15115003;27200924, 14092060;27400855, 25111048, 15202002, 15202002;27000582, 27000582;
27300273, 27300273;14022003, 14020003;11300129, 11044019, 11303081, 11501077;
32143000;10501054, 10501081, 10300025;
15130009, 15130006;15130009, 15130009, 15130006, 30380003;15130006, 15116003, 15110012, 30380003;
22111004, 22102014, 22101001;25111051, 25111045, 22030008;
25101044, 27410000, 27000573, 27100542;14216006, 14943019, 14943019, 14943019, 21801125, 21801125, 21801125, 14205012, 14205012, 14205012, 30380003, 27400158;27000573, 27000574, 27100542, 27410001, 27410003, 23131002, 25111048, 27002573, 30380003;27400855, 27000573, 30125050, 27410000, 30380002, 25111048;
10132002;
21021059, 21021059;14750025, 14860025, 14860025, 30357001, 14750025, 14750025, 14750025;10502005, 10502005;22020002;10502005;22101000, 22130000, 10502005, 22172008, 22130000, 10502005;10502005, 27410000, 10502005;
15130013, 27410000, 27410000;10132001, 15110026, 15113000, 27410003, 27410002;10132001;
14112011, 27000574, 11200038, 14092011;15139022, 15202078, 27000574, 10131007;10002038, 27000574;
22035000, 24010819, 24010809, 24011096;24010819;24010819;24010809;
24011019, 27300274;22102005;
22002242, 22010005, 22020010, 23134003, 27410000, 22030005;27000581, 22103001, 22102014, 27410000, 22020010, 27410044, 22002239, 22030005, 22130000, 27000576;23134003, 23113027, 14812009, 22002239, 14802056, 22030005, 27000581, 27000581, 27410000, 27410000, 25101044, 22035009, 27000581;15114014, 22030005, 22500072, 22020004, 22500072, 22170001, 14820029, 25101044, 27000576, 27000576, 23134003, 27410000, 23112013;15242009, 27410000, 27000576, 22102014, 23134003, 25101044, 22020010, 22000049;14721097, 31021022, 15114000, 27000576, 25101044, 27000582, 27410000, 22000049;
24011018;27410000, 22035000, 25101044, 27410000, 22102014, 15114014;25101044, 22020010, 22030005, 27000581, 27410000, 27000576, 23134003, 27000581;27410044, 22030005, 27000582, 14802054, 14906001, 15114000, 27410000, 25101044, 25120036, 27000581, 22101001;25130010, 27410000, 27000582, 22102000, 22036000, 22013004, 22041007;
22170001, 14836013, 30380003, 27410002, 15320001, 22103010, 22102001;27000581, 27410002, 22102001, 22103007;
14721038;10117000, 30380003;10141025, 10002007, 10141025, 10110012;22102005, 10002046, 10002046, 10002046, 10141025, 27300281, 24011017;10002046, 10141025;
15000007, 30380003, 15110001, 24010809, 22800001;27300274, 22103001, 22102000, 22100000, 22103004, 27300276;27300274, 27300281, 15242002, 15110001;27300276, 23113019, 22036000, 15242002, 27300274, 23110009, 15119001;
22821000, 22034000, 15605016, 25120016, 22008021, 22034000, 27201062, 22172004, 22500022, 25120036, 15242002;15242002, 14222023, 10141030;27000582, 27100542, 14721022, 27100542, 23110001, 15114015, 15200008;11522023, 14230000, 15202017, 27000582, 25111048, 11533006, 15242003;15115003, 14800015;
10113007, 27000576, 10119040, 27000576, 27000576, 27410000, 10141042;10132001, 10132017, 10132001, 10132001, 10132001, 10132001;10141021, 10141021, 10000006;
10135014, 27410003;27000582;27410003, 10002026, 27200925, 10116000;10008001, 27000582, 10002005;27200938, 10150048, 10110000;11300157;11057021, 11044024, 10119137, 11522004;10119139;14071000, 27000582, 27000582, 14051004;27000582, 10150049;23110005, 10130006, 23110144;14733000, 14722071;
14200051, 15130035, 27300282, 27300282, 27410042, 27410042, 10200004, 25111048, 23132068, 15114000, 30380003, 15115002;40000675;15110013, 15130035;
14070019, 15114031, 15110035, 15110035, 22005000, 11531053, 30380002, 22001006;14861002, 14860017, 22630010, 30380002, 14811027, 22035000, 14584072;10400038;15130036, 30380003;15202044, 15605059, 14541005, 10141040, 10141042, 10141042;
14022004, 30320004, 33026002, 22035000, 14022004, 14022004, 14022004, 14022004, 14022004, 23120001, 14073041, 14013029, 30380002, 30444005;22035000, 24220019, 14076009, 22035000, 27002173, 27002182, 11521012, 25101046, 27000577, 27000577, 27100542, 27100542, 34631010, 14022004, 34631010, 11521012, 30380002, 24011018, 14076009, 14021010, 22111004, 25120016;
23132068;25101044, 27410005;30100002, 25111048, 22671073, 27410000, 30100002;27410000;25111048;
32917001;32917000, 15100000, 30500027, 30380003, 15149001;
14013010, 23113003, 14222022, 14253005, 15231005, 15231005, 15110001, 27002555;15130010, 14013009, 14013010, 15231005, 23120001, 15231005, 30380003, 14814026;
14080027, 15004032, 14722044, 15004032, 15004032, 15004032, 14091028, 23113005, 14080020, 30380002, 15029014, 15029016, 15029015, 15240001, 14530013, 15242016;14092023, 22007031, 14091028, 30304012, 14722001, 10141025, 30380002, 15110044, 14092075, 14092074;
11241062, 34133016, 14844029, 11301113;34133016;
27410003, 15110008, 30380003, 22671073, 22671073;30503014;15130006, 30380003, 27000576;27000576, 27300273;15110008, 30380003, 15130006, 22030011;14021023;
22102000, 27002167;27002264, 15119001;14710009;27002264;27002264;27002264;10119013, 23110009, 22111026, 24101006;
11533026, 15110043, 15200008, 27200938;15202007, 15202007, 15202007;
11502024, 11230290, 11303134;23113024, 15130009, 34304010, 27300274, 15433003, 14800027, 34304010, 10100003, 30380002, 24010809, 15130027;23110009, 30380003, 27240000, 14754022, 15433007, 14836014, 15115000;23113003, 15114001, 15029047;
15130006, 25120036, 15004028, 27200924;15130006;25111045, 25111048, 27030020;
14054018, 10141044, 27410044, 25111045, 27000581, 10152013, 27000581, 30380003, 27000581, 27300273, 10130008;27000581, 27000576, 27000581, 27000581, 10132017, 14015089, 10132017, 10132017, 10133001, 27000581, 10141080, 14015089, 14054018, 10152013, 14054018, 27300273, 30380002;
22071000, 10152013, 27000582, 30380003, 10152013, 27410002;23110190, 25005060, 10132017, 23120001, 23134002, 30380003, 15114037, 14082024, 25121022;15114037, 25005060, 20110008, 25111045;
14092073, 14091047, 14092059, 14092064, 10002019, 10119133, 30380003;10141012, 14092073;10141090, 14092073, 14092073;
15115026, 27410003, 27200924, 27410000, 24401037, 30380002, 24011018, 15130006, 24401037;30380003;
22001000, 10000025;11301150, 11301150, 11301146;22671058, 24010823, 14863009, 10000006, 10000006, 25120014, 27410044, 27002558, 10000015, 30380003, 15114031, 24401036, 14820013;
10130001;23142038;14090017, 10130001, 23131002;10132001, 10130001, 23142038;23110009, 23142038, 15110000;23110009, 10132019, 10132019, 14076009, 14731001, 14721044;14077014, 14090017, 14082023;
14215010, 14222008, 23132063, 23110144, 23132063;14231003, 14215010, 14242003, 14234000, 23132063, 23134003;
15114015;15110043, 15110043;22005000, 30364004, 15114015, 30380003, 22008020;22631002, 11504023;22111004, 22102014, 14843019, 24100000, 30380003, 22170001, 14815013, 14811004, 22102005;27200925, 27300273, 15605064;
14820016, 14802019, 14802019, 22171000, 22171004;14750003, 14833003, 22111004;22180003, 22180002, 22111004, 14750003, 14750003;22102014, 23132068, 23132068, 14831012, 27000033;
14593008, 14593008, 14593008, 14593014, 14593014, 14593014;10141044, 27200924;
15130013;10141021, 10119136, 10119136;11110050;
14833015, 22172003, 22021276, 22111006, 22100001, 14830021, 22101001, 22100000;22102009, 22172003, 20121037, 22103005, 22102006, 22103003, 22103004, 22101001, 22111031, 22190000, 25101044, 22005000, 23132068, 27100542, 22111012, 22850005;11110046, 11110046;22103001, 22111004, 14802020, 22601000, 22610002, 22100010, 21801125;
24101006, 24101003, 27400047, 15110029, 30634017, 14275012, 22001006;22100000, 14830005, 22102000, 22500022, 14222013, 25101044, 24101006;21011027, 22190000, 21021065, 22111031, 22102000, 22102013;14222013, 21021043;14714001, 24101003, 21021043, 24101006, 22500022, 27300278;24101006, 22601000, 22602000, 22103011, 22622000, 15501000, 24101003, 21021043, 30380002, 22603000;25120036;
27002190, 27000581, 22103011, 27000581, 23110001, 27000581, 22111031, 22601000;11110052;22630009, 22002240, 27000581;
15202080, 27100542, 15200004, 15004015, 14721071, 14721076, 14636012, 15004064, 14661015, 14830034, 14830016, 15004067, 14661015, 14663000, 22701009, 15200004, 14636009, 14661001, 14916000, 14636009, 14663000, 27100542;11210050;30131008, 14661006, 22603002, 14661006, 22830002, 15503001, 14644000, 14644000, 14863009, 14830013, 22802001, 14636009, 14636007, 14661000, 14655002, 15101005, 14860017, 14905000, 14870001, 14654000;15114000, 15200007;15200007, 14916005, 22671077, 15114015, 30380002, 23110009, 15004010, 27100542, 23113019;11110050, 11110050;15200007, 15004010;
15110002, 27410044, 27410044, 25100108, 30380003, 23130012, 22030008;10150004, 10002031, 10109017, 10119008;15119009, 27000574, 27410000, 15110033, 10002019, 14515001;
30380001, 11222046, 11222046;10141045, 10141045, 27410044, 27410044;30380003;
15110033, 15323002, 20110014, 14530013, 14276006, 14276006, 20014001, 14405027, 14405027, 30380002;25101044, 14721023, 30380003, 15119001, 22102014, 14833015;14654002, 25101046, 22102014, 25101046, 30380003, 14300008, 25101046;22102014, 21801125, 20014000, 10141026, 10141026;15433002, 22102000, 22111031, 15263009, 15200007, 22111004, 22100010, 15435002, 30380002, 22111012, 27300274;22102014, 10401071, 10401071, 10401071, 30380003, 15110043;15402007, 22111012, 22500022, 15430000;
25111048, 27410044, 27000573, 14092063, 27400855, 14091073, 25111048, 15139014, 15139014, 15114012, 27410003, 27410044, 14091073, 30380002;11052016, 11054088, 23142001, 27000582, 11052016, 30380002, 27000573;10141044, 11052016, 11501099, 11501099, 15139014, 30380002, 10141044, 11054088;40000675;
22130016, 15114008, 15140008, 15119008, 36030039;10141048, 11533059, 10100003, 11533007, 23110009, 10119083, 11110004, 14721083, 30380002, 10119085;27410000, 27300273;11300168;11302034;25100113;27410000;25111048, 25111048;
22007031, 22007031, 30380003, 22101001, 27300282;10150004, 27002555, 10141044;27002572;
23110009, 23110009, 11200043;23110144;
11110050, 11022080;15202001, 15110001, 27000576;
10141047;10501054, 10501054;10141047;22008012, 27400126, 25111045, 27000576, 30380003;27410003, 27200924, 15114015;15130015, 15139018;10141030, 10141030, 10141030, 10141030, 10141030, 10141030, 30380003;22511001;25111051;23110009;27200924, 27400855, 15130012, 15110044;25111048, 27200924;27200924, 30380003, 27410003, 15115044;
22102005, 22103011, 27000573, 30380003, 27410001, 27410005;27400855, 27400855;30380003, 27400855, 22000049, 27200925, 27410005;27410001, 11231171, 27410005, 14400021, 14409039, 27000582, 27000581, 27000581, 27300273, 30448023, 22000049, 23110001, 11250018;27410005, 27200938;
11300183, 14091012, 11212018, 14080020, 14022004, 30011028, 14052002, 11230111, 15130027, 14090007, 14092060, 14033073, 30380003, 14054002, 14054002, 14223001;
10150033, 10141049, 25111048, 10150032, 10150032, 10150033, 23110007, 30380003, 10141049, 25111051;10502044;14903003, 30380002, 23110007, 27410001, 14900016, 14900012, 22020006, 10141012, 10141012, 14080017, 10140002, 10140002, 14900016, 14080018, 14903003;27200924, 27200170, 30380002, 10150033, 14905010, 25111048, 10150033, 23110007, 10141012, 14900012;14900012, 14900012, 10000011, 10000011, 14900010, 10150032;
25101046, 22671073, 27200924, 27000573;27000582;27000573, 15110015, 27000573, 25101011, 25101046, 25101011;27000573, 25101011, 22671073, 25110012;
15130013, 27200938, 27000581, 27000581, 25101044, 15115046, 25120016, 15115046, 30380002, 15130012, 15130010;25120016, 27002559;
25121022, 22021268, 25101046, 25101046, 30380003, 22020006;30380003, 14750029, 27000573, 14750040, 27410045;27100542, 25120016, 27100542, 30380003, 25120016, 25101011;14860025, 14860025, 14860025, 27100542, 14860025, 27100542, 14860025, 14860025, 14860025, 14860025, 30380003;30380003, 22601000;15130010, 30380003, 15130031, 15130010, 15130010;36035002, 22102005;30380001, 24010885, 15110031;11301088;
25405948, 25101044, 22850004, 27002169, 15343000;
15004064, 15262002, 15263006, 15263006, 15262000, 15110031, 15004066, 22102005;23110009;10300030, 10300030, 15110031;15114010, 15503044;15114010, 15110031, 10300030, 10300030, 15503043;10300030, 10300030;
21021043, 23142012, 25120016, 24000377, 24000377, 24000377;21021043;
27410003, 10300080;10310054, 27000582;32736022, 10501069;10501076;27410000, 27000582, 27000582;10501069;27000582, 10152005;10501076;27002573, 27410044, 27000582;27200925, 27300273;10501076;
11022055, 32316056;11057177;14222009, 15115046;11020008;15130013, 14000005, 10110000, 22008020, 14092044, 14021014;27410003;27410003, 27410001;27000576, 14111001, 27000573, 25120016, 10000017;25120036, 27100542;25120036;27410003;11531047;15110014, 30321011, 27000576, 30380003, 27400855, 14132025, 14132011, 27400855;27410003;
15502038, 15502039, 14013010, 10300042, 10300042, 15503038, 15503039;27002269, 14802055;
14052010, 15130027, 15130035;11300124;30380003, 23120001, 15130027, 15242007, 15450010;
15503040, 14203009;11221024, 11221024, 15114032, 23134003, 15402018, 30380003, 15503040, 15503041;23110193, 15114031, 23131002;23110007, 23110009;23120001, 15114032;22035000, 15110031, 15110080, 15110031, 23134003, 23110009;
22102005, 23121052, 23110006, 22102014, 23131002, 27410000;25101002, 23110007;
15110000;22020002, 22020002;
14721079, 22030011;23110009, 27410000;23120001, 23110009, 27300282, 27300282;23120001;
10000005, 10002033, 10000013, 10150016, 10000005;10116032;10140002, 14121021;10000025, 10116032, 10000025;
34220016, 34220001;22621002, 22101000, 22172005, 22036000;34120011, 34220016, 34220001, 14407024, 22671078, 14846015, 14721037, 24101006, 34226008, 22120005, 22000049, 14842016, 14841005, 14802052;14593023, 15410019, 27300274, 30202006, 21801107, 23120001, 23110174, 22102014, 22172008;34220016, 34220016;
11103006;23110001, 23110001, 23110001;14721022, 14721021;14860021, 14860021, 14860021, 14860021, 14860021, 14860021, 14860021, 14860021, 14860021, 14860021;14721020, 30380003, 14721022;22035000, 22102005;14091073, 14090006, 15130013, 14094012, 14092021, 30380003, 14090005;15114006;30323001, 33060018;15114031;14721022;25101044, 25101044;14721022, 14721021;10114004;
25111048, 25111048, 27002169, 25101044, 25101044;25111048;
22021260, 15115004, 22601044, 30380002, 15114013, 22610002, 15110046;14092064, 22101006, 30380003, 30131006, 30131006, 10119075;22610000, 22601000, 22603000, 22602000, 24011099, 22671077, 27400289, 27400289, 15114013, 22600000, 30380002, 15440002, 15440002, 14275020;
11057029, 11057029, 11057029, 11057029;10141042, 10141042;
25120035;25101011, 25120016;25120016, 25120016, 25101011;25111045, 25120036, 25101044, 25111045;25101044, 25120016, 25101044;25101044;25120016, 25101044, 25101046;25101044;
27000582;14261001, 27000582;27000582;27000582;27000582;27000582;
15130010, 15130027;30380003, 22001013;
30380001, 14914007, 14914007;
27000582, 15114033;14209014, 30380003, 14120031, 14131009, 23135031, 15114033, 14091077, 15230001;27000582, 15114033;27000582, 27000576;27000582, 27000576;
22130007, 22172000, 24010000, 22102005;14771007;25101011;15202044;25101046;25101044;
25111048;25101044;25101044;
22500022, 25120016, 25130010, 14916005;
23132068;14860025;27002194, 14010011;
27000582, 10137009;27410003;27410003;27410002, 27000582, 25111045, 27410003, 10131000, 27410005;27000582, 27000581;27100542, 27400118, 15115037, 27300273;
14141035, 30380003, 32416009, 15115003, 10150022, 10150019, 10150021, 27000576, 27000576;
15130027, 22040011, 15110001;10140006;30380003;
15104011, 15004024, 22036000;
22500022, 22500022;22101000;21801125, 14834017, 14834017, 22002240;27002186, 27002167;24010380, 24010380;22500022;22102014, 22036000, 24220050;27002176, 27002186, 27002167;14710025, 24101003, 14750001;
30723003, 30512034, 30512032, 30512037, 30723007, 14300008, 15115003, 14300043, 14222033, 30380002, 30840005, 14300038, 14222018, 14074000, 30448014;
10132017;10141042, 30380002, 22030008;22007031, 23110186, 23110186, 23110009, 30380003;23110186;
22002240, 22111031, 10310052, 25111048, 27000582;25111048, 27000582, 27000582;27100542, 25101046, 22102005, 22036000;22002240, 14832019, 25111048, 22036000, 25012012;27000576;25101044, 22671073;27000013, 24000372;
27410000;15114013;
23113027, 15110071, 22701014, 10141025, 14205019, 30380003;22010032, 14205014, 14205014, 15114033, 22036001, 23113027, 22603002, 15202049, 14092075, 14205014, 27300273, 22701014, 22111012;24101006, 10141025;22701014, 22103003, 15110071, 15110071, 15113000, 15202037, 22008020;
25100108, 30380002, 23110009, 23110009, 22021276, 22102014;25111045;25101044;
40000675;15230004;15110003, 15115001, 22035000, 15110036, 30380003, 22002240, 15250004, 25111048;40000675;15130006, 15111002, 15231004;20121056, 23110007, 14843025, 14843023, 14844033, 14847017;30380003, 10141000, 10141000, 10141000;
10141080, 10141080, 10141080, 14722098;27000582;
24010380;15110030, 24011017, 14342003;14342003;
25120016, 27002194, 22111031, 27200938, 27410004, 27410044, 27000581, 27410044, 27000581, 30380003, 30380002, 23110009;40000675;25120016;
22500022;15339001, 25112014, 21001186, 24220016, 24101003, 27410005;22020002, 25101044, 22500022, 25111051, 22020002;
15202002, 15202002, 22036000, 27000582, 27000582;15130013;
27410003;25101044;27200938;27410003;27200938;27000582;25101046, 11531047, 27410000;25101044;27000582;27200924;25111048;27200924;27200924;27410000;
15130034, 27000582;25101046;
10500024;
25101044, 25130010, 27000581;27000582;27000576;27000582, 30000060;25101046, 27000582;27000582;
15130009, 30380003, 23134003, 23134003, 10112004, 10130013, 22110004, 23131002, 23110005, 10131021, 21801119;10130013, 10130013, 10130013, 10130013, 10130013;
15004044, 10141030, 11104024, 14082037, 11501088, 25012012, 11501070, 14076017;27410000, 30515009, 15113000, 14750062, 30820046, 15000051, 25120016, 22600000;22111001, 22102005;
27000573, 25120016;27000573, 25120036, 25120016;27000573, 25121022, 30012002;27000573, 25120036;
25101044;25101044;27300273, 25101044;
23134002, 23132068, 15001009;11303081, 11303081;27200924, 14830000;10001007, 14721036;23110009, 23132068, 15212006;27200924;
25101046, 25111045, 25120016;25111045, 27000582;25111045, 27000582;
25101044, 30380001, 15004029, 23110004;11533029, 11533029;
22103003, 14054074, 20121037, 20121061, 22008021, 22036000, 22103004;15230001, 14596010, 14596010;
15230004, 22034026, 22101000, 22172000, 15200007, 22102014, 22102000, 15232003, 22103001;22102014, 22101001, 22036000, 22001003;
14010014, 14013010, 14000001, 14000002, 23132061, 15202044, 15603061;11220042, 14013010, 14013010, 14860017, 23110001;
25111045, 27200924, 27200924, 15130006, 27200924;22102005, 22103011, 22500022, 22002239, 30380003, 24012008, 22111004, 22101000;22102014, 22101000, 14831002, 10300021, 22170001, 22111004;15114009, 22103011, 27200924, 27200924, 22111004, 22101000;23132068, 22036000;
15130027;15130027;
22102014, 22100000;22102014, 22850004, 22601000, 22701003, 22702005;10701010;22630010, 22630049, 22630002;22103005, 22630009, 14121041, 22630010;
27300273, 27410002;11110053;23110009, 15202044, 10140002;
23110009, 14120012;14120013, 22100021, 27410000, 27100542, 27100542;
25101044, 14772011, 14000006, 30380003, 14010011, 25101044;14000005, 30380003, 27002163, 30380001, 22111008;27002169, 30380001, 22610000, 25120014;14000002;
10119086, 24010384, 10119086, 10119086, 10119086;30202204, 15110028, 15130006, 15130006;15130006, 15130006;14770025, 24010384, 14750001;
11230180, 15202022, 15202022, 15202021, 14082022, 11221037, 14010011, 14010012, 15202030, 10119075, 10119075, 10119075, 14080020, 15211004, 15202070, 23110009, 11300016, 15231005, 14121013, 30380002, 23110001, 30380003, 15114014, 14082003, 15130027;
10130006, 27410003;27200924;14120000, 10141039;27000582;
11303121;22600000, 22102014, 25101046, 23132068, 22103001;14812005, 22002239, 22102014, 22008012, 22036000, 22103001, 14802052, 30380002, 22671076, 14530015, 27300273;30380001;25101044, 25112008;14530015;
15130037, 22040157, 22003002, 22000014, 14203025;22040157, 14200076, 27000577, 22030005;22002239, 14630000, 14721017, 22040157;
25111045, 22036000, 25111048, 25101044;30380001;27000582;27000582;
23110009, 23110009;15111010, 15110035;23110001, 15110031;15502037, 14570011;15120005;15121001, 11532042, 11532042;15121001, 20121056, 30380001, 15121001;
15110079;15459037, 15115007, 30202003;24000373, 24010823, 15111005, 15111005;10150018, 24000373;24000373, 30903059, 10150018;15120015;15120005;15120005;15121001;
22900001, 23110009, 23121052, 24101005;22034026, 23110001, 27410000, 27410000;27410000, 27410000;11200046, 11235002;23110009;23131002, 27410000, 14092062;
22102012, 22500022, 24101002, 24010380;22600002, 21021020, 14802054;
14073019, 14232009, 27002176, 10150016, 14243007, 14232008, 14232008, 30380003, 14261019, 14261023, 14010021, 14836011;22671053, 27002176, 22602000, 22603001, 23132061, 22036000, 14753019, 23120001;14860017, 14860017, 27002176, 23120001, 23110144;
27000574, 30380002, 15114000, 23112032, 23110009, 27002555, 15110076, 27002560, 15110076, 23113005, 15115003, 15115003, 15115003;
27000581, 25111048, 22102014, 27000576, 27200924, 27100542;25111051, 27000581, 25111048, 27200924;25111048, 25111048;
22007005, 11300025, 24010000, 24100000, 23113027, 24010016, 22130007, 22172000, 23110007, 22110085, 22030005, 24011017, 22102014, 22630009, 22008019, 22132010, 14861002, 14922003, 25100113, 14921001, 14860020, 14860025, 10300019, 10300019, 21812020, 15113004, 33060045, 14860017, 22040157, 14841012, 14661016, 10439002, 14822004;22120028, 22111004, 22102009, 22001001, 22102005, 22102014, 22111008, 22101000;10300043, 10300043, 10300043, 10300043, 22008019, 14750044, 21801125, 15113004, 14750042;
25120016, 25121013, 25121013, 27000581;
32917000;32917001, 32917001, 32917001, 32917001, 30380003, 15605064, 32917000, 32917000;25001002;
11230266;10435032, 10133001, 10132017, 11230266, 27000574, 10130010, 10131017, 25012012;10309002, 23120001;
22500022, 23110006;15114033;
11056017;23132068, 23132068, 23110009;27000582, 27410002, 27410002, 27300273, 27300273;27000582, 27300273;27300273, 27000582;27300273, 27000582;27000582, 27000582;27300273, 27000582;27000582, 27300273;27000582, 27000582, 27300273, 27300273;27000582, 27300273;27410000, 15110028, 27300273;
27002555, 27002558, 27410044, 27410044, 27410044, 27410044;
23120001, 23110001;23120001, 23110009;23134002, 23142001;
22021260, 14112011, 10109026, 15115013, 15115013, 15201002, 15139014, 14111004;11301088, 11222043, 11305010;14080031, 14043022, 23131002, 27400145, 27400302;15201001, 15201001, 15201001, 14043017, 23110007;
15202013, 27300273, 23113027, 22020006, 15202013, 15202013, 15202013, 15232001;15232003, 27201062, 15320002, 15110000, 15232001, 23113027, 14630006, 15232001;15232001, 15232001, 15130027;15202013, 15130027, 15231007, 15232001, 15230004;
23132061, 22034000;27300273, 27000573;27000582;11240018, 23132061;25101011, 27300273, 25130010;15110044, 25101011;15110073, 27410002;27000576;30822038, 11500071, 14812003, 11500071, 14811002, 22036000;27000582;27200924;27200924;30330002, 23132068, 30360010;23110001, 15110071;15110010, 23110001;10201014, 10116034, 10116022, 10201014, 10119046, 10119046;23110001, 15115003;23132061, 14801008, 14822007;15110073, 25111045;27410000;25111048, 15115003;27000582;15110005, 23110001;23132068, 30600017, 25100113;27410000;27000582;30321008, 30321004;22008020, 22005000;27000582;27000576;22030011;22601000, 11301056, 11241063;22030011, 11500071, 22036000, 11500071, 14802019, 21120007;14750011, 14750012;
15110004;15111001, 27410003, 15402032;15119001, 15119001, 15110071;30380003, 15402007, 15110071, 27000582;27000582;
15402013;15434000, 15119001;15434000;
11304031, 11300141, 11301076;31021012, 31002002, 22101000, 31021012, 30380002, 25112008, 22000049, 22102005;27200924, 27410003, 22036000, 30380003, 27200938;27410005, 27200924;22008012, 10150026, 23110009, 10150025, 23110006, 27410005, 27410005, 14054013, 10410006, 10410006, 14054011, 22036000, 10422012, 14054014, 30380002, 23110009, 10422012;22007001, 27400145, 27410002, 30380001, 27410044, 23131002;25101011, 25111051, 25111048;11233020;15410019, 22007001, 30380003;15410019;11302018;27000577, 25111048, 22008012, 27002436, 30380002, 11521025, 27410004, 27410044, 20130000;15130003;15130027, 15130027;27410002, 23142001, 23131002, 23110155, 27410002, 15230002, 23132068, 27000007, 27000034, 30380002, 23110009;23114004, 23142001;27410044, 22130007, 30380003, 27410000, 27300274, 27410004, 27410044;
22860001, 15110043;15114013, 23110174, 22002240, 10141040, 10141040;
15432002, 27410001, 27000581, 25111021, 15433020, 27000582, 30380003, 25101044;23132063, 23131002;
27200924, 11112019, 30161020, 25101002, 22020006, 22171000, 27002562, 27002555;23132068, 31029005;27200924, 27200924, 25101002;20014001, 15000021, 30364004;15110046, 14861002, 22630049, 15449011, 14860017, 14860025;10141025, 27000582;
27400145;14020005;
10000005, 22035000, 24101002, 23110144;23110155, 15130009, 15209007, 23110155;27410000, 23110009, 23110001;27410000, 23130079, 30332026, 14209014, 14209009, 11230177, 23110009, 15130027, 15130027, 15130027, 30380003;23110009, 27410000, 27410000;
14131008, 10150003, 30380002, 10002017;14131008, 14121011, 11502025;10502000;10000009, 10002017;
27000582, 15114015, 27410000;14084006, 27200924;25111048, 27410000;22005000;27410000, 25101046, 27200925;23120001, 27002560, 27410000;25101044, 27002582;20121061, 22101001, 22102014, 22111006, 22130011, 20014001, 24010017, 15114015, 22171004, 22170001, 22171002, 22103001, 30380002, 22100010;24101006, 14077001, 22830002, 24010016, 30380003, 27002560, 15242005, 15242005, 20121061, 27002560, 22830005, 22830002;30011031, 22002239;27200924, 27000582;15114015, 27410044, 27002584, 27410000;27410000, 27002584, 27002584, 22002242, 25120016;27000582, 27002584;15114015, 22002239;22002240, 14074022;24010016, 25111048, 15343003, 15343000, 20121061, 22002239, 30380003;27410007, 27300273, 25111051;27410000, 27002584;22002239;27002584, 27410000;27000582, 10119061, 10119060, 25111045, 27002584, 27300273;30380003, 27410000, 22102014, 22102005, 27002558, 27240000;11531047;30380003, 27410000;
22600002, 10141042, 22111028, 22601000, 22102004, 14710024, 22103005;22171004, 22001006, 22130007;22102005, 22111031;22102004, 22102005, 22103001;10141042;
15202002, 15202002, 14070013, 14070013, 14070037;15200001;
23110009, 27410003, 27410003, 15202037, 23131002, 22034000, 15202039, 14132105, 10201016, 10201016;27000574, 36020024, 36020024, 36030046, 11231112, 14076012, 11511008, 11511008, 30380003;30500013, 30380003, 11533012, 30503001, 10141041, 30510016, 11041019;10151002, 23134003, 10151002, 23131002, 23110009, 23110009;22021009;
24101006, 22102005, 15110031, 24101000, 22130000, 22130000, 22171004, 22130017, 22100010, 22130017, 15115034, 15115034, 22040157, 22002240, 27300274, 30380002, 27300279;22802001, 14515001, 27300279, 27300278, 22800001, 22840002, 22102014, 14661005, 22101003, 22103012, 24101006, 27410044, 22102000, 15130036, 27300280;
23110007;10119043, 31043005, 10109007;22702005, 22100010, 23113027;22111031, 22035000, 22100000;15110001, 25111048, 22111004, 27000581, 22102005, 27000581;23113027, 22100021;15110001, 22111004;23110186, 23113027;15110001;15004055, 25111048, 27300273, 27300273, 25101011, 15004027, 15130013;15110001, 23142012;23142012, 15110001;23142012, 15110001, 23113027;15110001;22036000;
22621002, 15114031, 15114031, 10201007, 23120001, 10201007, 22008011, 15110015, 22008012;25101044;14082037, 27200938;
27000581, 27000581, 22102014, 22500022, 27200925, 27200925, 27300274, 22035000, 22021028;40000675;22100010, 22130000;22020006, 23110009, 27300274, 14000002, 23110175, 14000001, 14552006, 22111008;22102014;23130003, 22036000, 23130037, 23142012, 22102014, 27300274, 30444020, 30321012, 22111008, 14091010;22102014, 14130010, 22103008, 22000049, 14403016, 22102005, 21801125, 22103010, 22100010, 14200020;
15242044, 14722065, 30380003, 22002240, 23110009, 22102005;10401054, 27000581, 27410003, 30380003, 15230002, 22102014;27240000, 15501000, 15200008, 23110009, 22600000, 15130027, 15115027, 30380003;15130027, 10401011, 14092022, 30380003, 22102014, 15230002, 15115025, 15000048;
27410000, 27410000, 22870008, 14506027, 30380003;15130013, 23112013, 23112013, 15202082, 14092068, 14092068, 15202082, 30380003, 10130006;14092068, 15130010, 10131007;23112013, 23112013;
10136007, 10136007, 30380003, 10141038, 14130055, 23131002;
10141025, 10141025, 15115015, 22020006;27410000;11230145, 11230145;14630004, 15130027, 14080016;14092062, 10141025, 10141025;22035000;14092097, 14092094, 23132068, 20014001;15004012, 27300282, 15242015, 23132068, 22002240;22002240, 14092043, 14060005, 14092000, 30380002, 14073019, 14092021, 14092056;11220029;
27000581, 27000581, 25101011, 27300276, 27410000;27000581, 27000581, 27300276, 25101011;27200924, 27200924;27410000, 25111048, 25111048, 25111048, 22171002;27000581, 27000582, 27410000, 27000582;30420003, 10140002, 10140002, 10140002, 30321004, 30421006, 25111048, 25111048, 25111048, 22171002, 25111048, 25111048;25111048, 25111048;27000582, 27000581;14080025, 23110001;27000581, 27000582;
15110001, 27000582, 27000581;27000582, 27000581, 27000581, 27000581;
22111012, 27300276, 24010829, 24010823, 15000007, 22132010, 32316016, 21021059, 27002555, 27002561, 15130035, 22111004, 22102000, 22100002, 21200001, 22172000, 22102004;21021059, 22103005;
22102014, 15113000;30321008, 22001000, 30321007, 15113000;
15202044, 15202044, 36030048;25101002, 23134002;
30514021, 31017018, 30361018, 14000000, 30514006;14839016, 14916008, 14902001, 14902001, 14902001, 14902001, 14902001;
24010016, 21021031, 21021045;23110001, 20121037, 22100000, 22172012;
27410000;25150001, 27400126;27000582;27200924;
15130034, 15110071, 23110006;15130009, 27200924, 27410000, 27400126, 23110009;27000582, 27410000, 27400126;27200924, 14722032;27000577, 27410044, 27410044, 27300282, 15202018;10000016, 10000016, 27200924, 27200924, 23110009, 27200924;
14071000, 21700003, 24101000, 23110006, 23110006, 23110006, 24101002, 27200924, 14074001, 14020008, 24403028, 14074044;24401008, 14130022, 21700003, 21700003, 14721030, 14130022, 31004004, 15503041, 15503040, 23110005, 22102005, 31001015, 22130007, 14091046, 23110005, 14091046, 24401008, 22103010, 15114015, 14721018, 14721039, 23113023;24000335, 15114015, 23110005, 31002006, 23110005, 23113023, 31002022, 24000335;11110050;22130016, 22008019, 23110005, 10100010, 22103010, 24403028, 10103004, 15114015, 23134003;14052013, 23113003, 14091046;
14000011, 27200938, 14903006, 14903006, 27240000, 27240000, 15021033, 14900011, 15021031, 14520011, 14000011, 14900011, 14905010;24000393, 27240000, 27240000, 27410000, 15115008;
27410000, 14916008, 22111001, 22103001, 14860022, 22172007, 22130016, 22170003, 22110003, 30700001, 22036000, 27100542, 30380003, 30380003, 14860022, 14841015, 22500022, 22102004;27410000, 27410000, 11522006;
27000037, 14403013, 27000013, 27000012, 22102014, 10141025, 22005000, 21021052, 22001038, 22002240;23120001, 15110076, 14721096, 15110076, 14833003, 23120001, 15130009, 14831015;34621043, 34621037, 11301087;22500022, 14828003;
15230002, 24010822, 15110043, 14258011, 15202028, 14258011, 30380002, 14513033, 14754012;14837009, 30430001;30380003, 22034004, 22008020, 22111029, 22102005, 22007005, 10131007, 22103013;30337010, 30341004, 14258011, 27002561, 14845007, 15230002, 15104016, 14258011;14843005, 14754005, 14843006, 10001008, 15110043, 10000013, 24101002, 14826025;14513033, 11501065, 11532018, 24220016, 27002561;14258011, 14753022, 15110043, 27002561, 14513033, 14754012, 14258011, 15230002, 23110001;14513033, 11500092, 32917001, 14261003, 30447005, 24000391, 11500092;15202020, 14258011, 15110043;
11500065, 20014001, 11500074, 27400126, 11500073, 15000021, 14082018, 20101014, 14285006, 14285006, 11500065, 20101005, 14281000, 30380002, 27300282, 11500087, 27300273, 14083002, 27002435;22902014, 11521016;27410002, 27300273, 27200925, 27300273, 22071000;30515009;23132068, 25130010, 23110007, 27002436, 27400855, 27410003, 27000573, 27300273, 30380003;15114015;22102000, 30340012, 27400059, 30380003, 22171002;25130010, 27410003, 14082018, 27002436, 27200925, 25101002;15115028;15200007, 15200004, 11532023, 23113027, 22030008, 11521029, 30380002, 23113005, 22030011, 22830003;25101044, 32736023;22036000;
22702003, 15114013, 15110071;15110071, 15110071, 24220016, 24220016;15110071, 15130009, 15114013, 15115001, 15115001;15110071;
27002194, 15004001, 15000007, 14082022, 14092062, 27410000, 27000573, 27200924, 27002555, 14091021, 27410003, 14073027, 10132017, 30380002, 15114015, 15114015, 10133001, 27002575, 15012007, 14091088, 14260023, 10130006, 14082023;10130009;
15114033;15110015, 22035000, 22035000, 22008009, 15110015;22035000;15110071;15130027;10502058;14863008, 27200924;30380003, 15114000, 23110009, 25112008, 15130009, 27400302;14837013, 15120000, 15110015;15430000, 22004008;27410000;14105020, 15202037;22671073, 22671073, 27200924, 27200924;22671073;27000581, 27000577, 27000581, 27002582, 27410000, 22102014;
14083002, 14073006, 22172000, 22036000, 14076019, 22111031, 25100108, 30380002, 22172005, 14076009, 14072004, 22171002;14802057, 10153000, 10152012, 22102000, 23132068, 25100108, 10119020, 22002240, 10119019, 10201007, 10201007;32917001;23110001, 25100108, 27400126, 22102000, 22601002, 22603001, 27002174, 23132068, 22860001;22021010, 22702003, 22511000, 22171004, 22002240, 22008011, 22035000;14813000, 14840000, 27300274, 22035000, 24010380, 20121061, 22021003, 14563002, 14261003, 14844020;25012012, 14831035, 25100108, 22002240, 14831008, 15000024;15119001, 14082015, 24010380, 14076012, 22035000, 25101002, 30321004, 23132068, 27300274;27300274, 14082016, 22171004, 23132068, 25100108, 15119000, 24101003, 15242044, 27000033, 22103010, 25130010;15430000, 14082026, 14082022;
14091046, 14091076, 10435043, 10435042, 14091077, 14052046, 14091047, 10116045, 30380003;14091091, 14091076, 14052005, 14060006, 14741001, 14092057, 14060003, 11500027, 30380003, 11501020;
25101046;14120017, 14074058, 14074057, 10119024, 34423005;25111048;14841000, 24010380;23110155, 25111048;34225082;36020045, 36020039;34713018;23132061, 25111045;22101001;25111021, 23132061;25111048;25101044;34711008;22101001, 25101044, 23132061;34711006;15110043, 15004058, 15004058, 15004058, 15004058, 15004058;27000007;15110071, 14076009, 14076012, 27410000, 15231005, 15231006, 14015066, 25111021;25101044;11044019;11011029, 34513111, 30701026, 34356009, 34363021, 11057088;
14860017, 14863008, 14863008, 14863008, 10141039, 10141039, 14840001, 22002240, 27400289, 30380002, 22171000, 14860017, 14846000, 21801125;27000582;21801125, 21801125;
23113028, 14000004, 14000002, 22101000, 22102004, 23113028;22101000, 14802054, 22102004;30250007, 15114001, 15114001, 22020006;14401004, 30380003, 14101123, 14101123, 22500022, 24010380, 14401015, 15110008;14130017, 11250042;10300043, 14860021, 10300035, 10300035, 10300035, 10300035, 10300035;14750064, 22036000, 14130017;27210006, 14750064, 15110014, 22172005, 22190000, 21000128;
27000573, 27200924, 27200924, 23120001;25112007, 27200924, 27410000, 27000577;14141025, 14275011, 14092007, 14084003, 27410000, 27410000, 14092030, 14013010, 30380002, 14253004, 14253004, 14141031;27000573, 27200924, 11300179, 11300179, 14903006, 14903006, 10150050, 10150050, 14900009, 14900009, 15401006, 11300074, 11311014, 15242044, 14900013, 15242009;
14650002, 23113027, 33060045, 14831014;15115002, 15231005, 15231004, 15231004, 27410003, 24101006;15235001, 15230004, 23121051;15029014, 15029014, 11500127, 15029044, 24101006, 15029014, 11501093, 11501025, 15130035;15230004, 24101006;14750041, 23113027, 14750041, 14750041, 24101006, 14750041, 15200007;15114033, 15232001, 15114033, 14530014;15231004, 15230004, 22130011, 23121048, 14121033, 14092075, 15110076, 15110076, 14010015, 14200040;24101006, 22130011;22036000, 22102004, 15231004, 15029044, 15200007;27000578, 15200007, 27000574, 22035000;15209031, 22035000, 22035000, 15209031, 15209031, 15209032;15110076, 15110076, 22010032, 23132068;11501093, 11500127, 11500127, 11533061, 11533061, 11504012, 14831016, 15130006;10300072, 22830002;15110073, 33060045, 23110188, 14121041, 23120001;15000007, 15110073, 14750041, 22830002, 15235001, 15004024;15605048, 23110190, 15235001, 15235001;27300282, 27002573;
22500022, 22101001, 22603001, 15200012;
22035000, 22036000, 22036000, 22021009, 27000582, 27000582, 27000582;
14835014, 14722072, 14844001, 15200007, 10002035, 30707001, 10002022, 22008009;11105006, 22040009, 15442004, 22007031, 15502002;15200007, 11011015, 11046012, 22030011, 11044009, 22036000, 11102032, 21021043, 27002590, 27002590, 14525017;11102032, 11052015;14843019, 15402007, 15469017, 14844004, 15004041, 15004040, 14846012;30821015, 30000094, 27000575, 30821027;14860021, 24101006, 15004053, 10137009, 11104030, 14822010, 11502024, 14860017, 11502024;
27400708, 23132068, 15119001, 27400126, 27400119, 27100542, 27002595, 27400047, 22170003, 27400158, 27002594, 23110001, 30380002, 15119000, 15130009;
24010380;14076012, 23110007;15202001;
22610103, 22008020, 22030005, 10000011, 30365021;
25101044, 30380003, 27300273, 27410000, 10131002;15110071, 30380003, 23135027, 15209006, 15115044, 23113005;22035000, 30380001, 30832016;15230002, 30380002, 15200007, 22002240, 27410044, 15110071, 23135031;14900013, 14815002, 14900013;30380002, 10141041, 22002240;14750057;15130013, 22003002, 22500022, 15209032, 22170003, 15209032, 27410044;23134003, 23134003, 30380003, 23110144, 15130013;30380002, 10141041, 15230002, 14092091, 15130009, 15103000, 14092048, 15004010, 15209007, 22500022;34101041;30010023, 30010023, 14521027, 27000581, 25111045, 27000582, 30010023, 15209006, 27300273, 11303047, 11303047, 31139003, 22802001;14080022, 30380002, 22002239, 23110193, 27300273, 27410000, 23134003, 27000581, 15130009, 27000582;27000574, 14834010, 14842010, 15209007, 30380003, 14834010;30320004, 34101192, 14090020;22120039, 15209007, 22130016;14092078, 14090047, 14243002;14515001, 30380002, 10201015, 30202204, 14140011, 15130009, 15115043, 34121059, 14722044;14844021, 22180003, 22600000, 22030005;
15115003, 30800006, 23110009, 20121037, 23134003, 23110144;14031000, 24000390, 27000574, 14091031, 23132068, 15202045, 15130035, 10130010, 10135010;14802054;15202065, 23131002, 24012151, 23110009, 14080016, 23134003, 10141044, 15114005;
10141044, 24011017, 24010384, 22020003, 14080020, 10422012, 15130024, 15115047, 15200001, 24030065, 24000379, 10130006, 14403083, 14092021;14572010, 21801072, 10141044, 14082022, 15503010, 10119082, 15202040, 15202039, 14092022;15115047, 10119074, 10119074;
14015065;15230001;15230001;15230001, 15200001;30380003, 23110001, 15200001, 15116003;15230001;30380003, 23132068, 15116002, 15116002;15110071;10141048;15200001;23110001, 30380003, 10141028;27200925, 15200001, 30380003, 15110002;15200001;15116003, 15116003, 30380003, 23132068;15230001, 15200001;23132068;10141042;31002008, 31020010;30380003, 15200001, 15114005, 23110001, 15114005;
22103005, 22111006, 22103001, 22190000, 22190000, 27002194;15110020, 22190000;22190000, 22190000, 22100010, 22102005, 15119001;27210006, 22190000;
11504022, 15433003, 15110015, 15433002, 23110009;23110009, 15433002, 23110009, 23110009, 23110009;15110046, 15110015, 15110015, 15433002, 15433002, 23110007, 15021026, 23110009, 23110009, 23110009;23110009, 23110009;
22511000, 27410000, 22511001, 15605059;14083000, 14083004, 14054020, 14000009, 14000011, 30380003, 14054008;
10300082, 10300015, 10300015, 15114014, 15200012, 15200012, 10300082, 27000574;14814023, 22171005, 27002558;
27200924, 10002019;10132001, 27200924;10114004, 10119041, 32315012, 27410003, 21021059;14079030, 27410003, 27200924, 10110017, 10110017, 23110006, 23110009, 10113006, 30380003;
25120016, 30380002, 25112008, 27410001, 27410005, 36030001, 22701009, 36030001, 14403083;36010027;34631011;27400855, 27400855, 25120036;30000075, 30000075, 30000075, 34363018, 30000075, 30000075, 30000075, 30000075;11045009, 11220030;30820060, 27410000, 14403083, 30380002, 25121022, 25111045, 15501000, 30040005, 30010023, 30010016, 30161036, 22036000, 27000581, 27000581, 27000581, 27000581, 30175012;11042004;31022014;11022057;32030057;11042004;14401014;31022014;27410001, 27410000, 30380003, 27410000, 25120036, 27240000;15503022, 14403083;11230075, 11303055, 11303055;14403083, 14802057, 14812008, 30332035, 22130000, 25120016, 27240000;14222033, 15200004;11301091;27000581, 27000581;33016039;25120016, 15000007, 27400855, 30380003, 27240000, 15200007;33050065;27000581, 14230000, 27410000, 14222041;27240000, 25111048, 25101002;14403083, 22500022, 15202053;15115015, 22102014, 14076009, 32352050, 27300274, 22130007;11230063;
14721028, 23112013, 14091012, 14090003, 14090000, 14721037, 10201029, 22102014, 10201029, 15115002, 23134003, 14091007, 30380002, 14110001;14092059, 30141008, 14091012, 14091007;
22120055, 22102014, 22102004, 22008019, 15110001, 15110001, 22036000, 30380002, 15200007, 15419001, 15419001, 27300274, 24011108, 15410016, 15410016;15200007, 15110001, 11220013, 15200007, 11110004, 22170001, 22500056;
21021043, 14594004, 23132068, 23110009, 23110009;23110009, 23110009, 23132068;23110009, 23110009, 27002163, 27000007;25111051, 25111048, 23132061;
15459021, 15459021, 30380003, 27000581, 14750026, 15110000;14802060, 27200924, 27200924, 10141025;
23110009, 25101002, 14830029, 25101002, 22002239, 15000007, 14912001, 15321002, 14650000, 14651000, 27300279, 23120001;15200007, 25101002, 15200007, 22840002, 15202079, 25101002, 14092078, 10422008, 10422012, 14830029, 14076012;22100010, 22036000, 10422006, 22103001, 22103010, 22102000, 22100000;23132068, 22840002, 14651005, 14073020, 10422013, 15200007, 15202079, 14811023, 25101002, 25101002, 14830031;
14015004, 15114000, 15130027, 15130027, 23120001, 23110144, 22008021, 22036000;
14250008, 15114013, 25101044;22103013;
15200004, 22101000, 22671056;15110028, 15110028, 15200008;15604010;15110046, 14833003;15200004, 14841008, 14841008;
15110004;15110004, 15110004, 15110004, 15110004;15110004, 15110004, 22500022;15110004, 14750038;15110004;15110004;15110004;14860025, 15110004, 15110004, 15110004, 15110004, 14860025;15110004, 15110004, 15110004, 14580017;15110004, 33060008;
24102002, 22030005, 22030005;14834009, 22030008, 14834017, 14834017;15402027;11110152;
22000049, 22102005;22000029;22103004, 22001006, 27300274;22002240, 22103004, 14831034;22002240, 22103004;22002240;22102004, 22002240, 22002239;22002240, 22000029, 22005000;22001038, 22003002, 22102005;22005000;
10137009;27000576;15130009;27200924, 15130013;27200924;15115007, 27200924;27200924, 15130009, 15115008;11501023, 22010032;27200924, 15130009;27200924, 15115008, 30420003;10137005, 25111048;27000576;
15116001, 15110001;22170003, 22103003, 15200008, 24101006, 22501003, 22130007, 22008021, 15110044;15110001, 22501003;15200004, 15200004, 22000049, 27002169;24011018, 22102014, 22001038, 30320004, 22111004;22030011, 24000370, 15201002, 30380002, 22171004, 15110001, 15116001, 22111012, 15110001;24000373, 15110001, 15200008, 15503022, 15200008, 15503000, 15502036, 15502036, 15200008, 15503022, 15503049, 22111031, 24000393, 22102005, 15502035, 23110009, 22100000, 23110001;
21021043, 27002188;11506011, 23110009, 22020004, 11220008;14409000, 14409013;
11210049;15110014, 23110144, 15110068, 14080028, 14054019, 14054018, 31022028, 31022027, 27002173, 15110036, 15242001, 23121052;22102005, 22111001, 23110001, 15110035, 23120001, 22100010, 15110036, 22172000, 22103005, 22002240, 22102014, 15469025, 14823000, 22100000, 22103001;23110144, 15502049, 22035000, 15110036, 15242001, 15114000, 23120001, 23110001, 23132061, 15114000, 22005000, 27300273, 27410000;23110009, 22111031, 23110144, 15110036, 22103001, 15110036, 15110036, 22102000, 22100010, 15110041, 23112035, 15110005, 15114000, 15114000;15110036, 15110005, 10110018, 15110007, 10310042, 22102000, 22035000, 10310042, 10310021, 22100000, 15110036, 10310021, 14721035, 14060002, 14052012, 15000048, 15114000, 22002239, 23110144, 23120001;23132068, 10310042, 27002176, 10310042, 15110036, 15110036, 27000576, 15502049, 23132061, 22111031;
23134003, 15130027, 15130027, 34513061, 15110069, 23120001, 22130016, 34241028, 34211123, 34241039, 34511029;22130000, 15110069, 22001006, 15110069;22802001, 27000038, 21200001, 15130027;22103010, 22102000, 22130000, 15110069;11120049, 11110004, 11110004;11533010, 36020036, 34204161, 11533043, 34511029;
15130027, 15130027, 31017012;30380003;
14092010, 10150022, 14091031, 14200041, 14091011, 30380002, 14054011, 14054011, 10150024, 11532036, 11533064, 10008002, 10151020, 10150034, 14078003, 10151019, 10137009;10000025, 10150050, 10130013, 14300006, 10202000;
25111048;14010012, 14010012;22036000, 23110007;25101044, 25101044, 25101044, 27300273, 25101046;27000582, 27000582;27000582, 27000582, 27300273, 27000582, 27300273;27300273, 25111048;27000582;27000582;27200924, 27200924, 15112000;27200924, 27200924;
11501068, 10150044, 11532039, 11532039, 11501134, 11501065, 34121109, 11501065, 11501090, 11501090, 30380002;22111031;
15114015, 15114015, 27002436;22103004, 22102005, 15200004, 27002186;27000582, 27000582, 27002177;15114015, 15114015;27000582, 20121037;22130016, 22000034, 27002435;27240000;25121022, 27002439, 20121037;20121061;20121061, 20121037;27000582;20121061, 22102013;23120001, 14141019, 20121037, 27410044, 22601000, 14141026;21021050, 25101044, 27240000;20121037, 21021043;10110012, 10117000;25101044;22671077, 22603000;15114015, 15114015, 15605055;20121037, 22172007;
10000015, 27002554, 27200925, 10150050, 30380001, 15004050, 15004067;11250018;22000049, 23121053, 15200007;21801125, 11011034, 30380001, 25101044, 34424033, 34424033;14812007, 14810009, 14772012, 30380002, 14750012, 14750071;27002169, 25101044, 24010017, 24010000, 22172000, 15110065, 14831031, 30380003, 14802056;15433002, 22601000, 22008012, 14814019;30380003, 14750001, 15605048, 27300274, 27000020;14860017, 15113000, 14860017, 14802056, 14812005, 22000037, 14830021, 30380002, 30710042, 14860017, 14860017, 14860017, 27300274, 27100542, 23121053, 27410000;27000020, 27300274, 27410000;
23110009, 23110009, 14722036, 25120036, 25120036, 25120036, 25120036, 25120036, 25120036, 14722015, 22100002, 25101044, 27200938, 14721026, 15242033, 30380002;22021003, 22102005, 23110009, 23110009, 15110046, 22021008, 22130017, 25120036, 25101044, 22130016, 25120036, 25120036, 25120036, 22103011, 25120036, 25120036;22172006, 14800003, 23110009, 25120036, 25120036, 25120036, 22172008, 22671058, 30380003, 27000581, 27000581, 25120036;22036000, 22100000, 14275042, 22111004, 22172000, 15130027, 14810001, 14810001, 22111034, 14275013, 15110017, 23132068, 15469027, 14815007, 11504011, 22021268, 27300282, 11104006, 14815001, 14076009, 14111004, 15130035, 23113024, 30530047, 34220018, 11104021, 14111002, 14275036, 22172007;27000581, 27300281, 14021006, 14772011, 22172008, 14917012, 14900019, 23110009, 23110009, 25101044, 25101044, 25120016, 14721026, 25120036, 25120036, 14900011, 30380003;25120036, 25101044, 22005000, 25120016, 23110009, 23110009;25120036, 15114003, 10001007, 10002034, 15120000, 14831007, 14721042, 15440002, 25120036, 30380003, 25120036, 25120036, 25120036, 25120036;14900007, 14840002, 14831007, 25101044, 23110009, 14900007, 25120036, 14900014, 14900014, 25120036, 25120036, 25120036, 25120036, 25120036;25120036, 25120036, 22100010, 30380003, 22103001, 25120036, 21801119, 25120036, 21801116, 22172008, 22102000;15502030;25120036, 25120016, 14772008, 22002239, 25120036, 25120036, 25120036, 23110009, 25120036, 25120036;25120036, 25120036, 25120036, 25120036, 25120036, 30380003, 25120036, 22103001, 25101044, 22002239, 25101044, 25120036;20103019, 22840002, 24010825, 15021031, 14831008, 27410000, 27002558, 15130013, 25120036, 25120036;
22800000, 14860025, 14860022, 14253003, 14860025, 22802001;15110015, 23110009, 23113019, 23113019;15114000, 15110071, 15110001;15469014, 15469000;
23110007, 23110001;23134003, 14831031, 23112013, 23112013, 24000393, 21801119, 25101046, 15110035;10000013, 30380003, 10132019, 15130009, 10000014, 15110071;15113000, 15130013, 14074060, 14074062, 25101046, 22002240;
15120000, 24010812;25012012, 14906002, 14800015, 14800015;
15114000, 15119001, 15119001, 27410045, 22172003, 25101011, 15200007, 20121061, 22103001, 34841028, 27300274;22007005, 22036000, 15114006, 15114006, 22500022, 15420002;22111004, 22172008, 22102005, 15119001, 15119001, 22130017;15119000, 27400126, 23110174, 27400126, 27400158, 27400158, 22701014, 15119001;22035000, 22111001, 11300175, 22102005, 24010380;11110053;22172012, 15114015, 22172003, 14843021, 15110015, 15114015, 30380003;22172012, 22500022, 15110043, 22102005, 22102014, 15114015, 30380003;23132068, 15104035, 15104036, 15104036;22035000, 15110043, 24010380, 27002169, 24101076;22102014, 22101000, 22102005;27300274, 27410000, 15110043, 25111048, 23134002, 15114000, 21012004, 15114000;
23110001, 22001006, 27410044, 22036000, 22701014, 23134002, 30380002;23121052, 22036000, 30380003, 23132068, 22102014, 22610103;22600002, 15230001, 22007022;22102014, 22102005, 30380003, 22035000, 22103005, 15230001;11230078;22035000, 24101002, 22102000, 22111001, 10000011, 22111031, 10000011, 22500022, 30380003;22001006, 22002240, 22005001, 23132068;23110001, 27100542, 22035000;14560002, 22036000, 22005000;22005000, 15230001, 22035007, 30380003, 14750064;30380001, 22035000, 22020010, 22002240;23134002, 22020006, 27200924, 30380003;22002240, 22102014, 30380002, 22600000, 23110001;
27000582, 27000582, 14905010, 25120016;23132061, 27410000, 25101046, 25101044;14750042, 14822002, 24010819;27000582, 27000582, 27000582, 27000582;
15235001, 15235001, 15235001, 15235001;20110014, 15235001, 24101003;15235001, 14060002, 15000021;15235001, 15000021, 15235001, 15235001, 15235001, 15110026, 14811023;14060002, 15235001, 14060002, 15235001, 22172008, 24010380, 15110043, 15110043;15235001, 14063000, 14060002, 15110043, 15110043;24010380;
23110001, 27100542, 15114013, 14811014, 27410003, 10141063, 15202044, 27000581, 22020006, 27000581, 27000581;36020034, 30420002, 27410005, 10141038, 27410044, 27410044, 14901001, 15114015, 14842014, 22701000, 23110009;27000581, 27000581, 27410003;
27410045;22500022;25101044, 25101044, 31001031, 22102005, 22101000, 31001052, 22103005, 22111031;11301134;30311008, 22102005, 22111031;11110053;22103011, 22034026, 30380002, 14531035, 14870004, 14870004, 14870004, 22021276, 14543003, 14870004, 14073044, 22008019, 22004008, 14750054, 14750054, 14750054, 14750054, 14763007, 14100077, 14100077, 14076012, 14076012, 14063002, 14100075, 14100075, 14063002;15200004, 15116001, 15200004, 15115015, 11046013, 11250017;11300133;22102001;22500022, 22111031, 22103001, 22103005, 22102005, 22101000;31028009, 22600002;15200004;22111004, 22500022, 22500022;
30380003, 15503039, 22008020, 22036000;27000582;27200924, 30330004;27410003, 15110071;27410001;27200924, 10140002, 10140002;27200924, 27300273, 23110009;27300273, 15240008, 27300273;23120001, 15231005, 27000582, 27000582, 15231005;15231006, 15231005, 15231005;
22002240, 22102005, 22111001;25101044, 24010380;22002240, 25101044;25101046, 24010380, 23110174;
22103004, 22103004, 27002436;22102005, 27002440, 27002441, 27002188;22601000;22111031, 27300274, 24111008, 22111001, 22171004, 22001008, 27300279;22111001, 22103005, 24011019;22103001, 23132061, 27300279, 22102005, 25101046, 25111048, 22111006;24010378, 22172003, 25112007, 14860020, 22103001;24010380, 23132061, 22172003, 22603001, 22103005, 14852013;22035000, 22004006, 20101014, 20014001, 27300282, 27300279, 20014001;22102013, 27410000, 22103010, 22103004, 22103004;22020002, 22020002, 24010378;30380003, 15110044, 11500095, 15110071, 10141042, 23110155, 23110155;24101000, 23132068, 24111015, 23132061;22102000, 22130017;24011017;
30380002, 11532018, 23120001, 15202044, 25111048, 14080022, 14092063, 14091077;30380003;
15115014, 27200924, 27200924, 27200924;
11233043, 11222017;22671055, 22671055, 10002029, 30380001, 14802056;11102052;15110073;11104021, 22610103, 11233042, 15110069;15200007, 14105020, 24101006, 24101006, 24101006;15110069, 24101006, 24101006, 24101006, 24101006, 24101006, 10131020, 10131020, 24101006, 10151023;11102031, 11300123;24101006, 24101006, 24101006, 24101006;
14275022, 22005006, 30321005, 14275022, 14275022, 14275022, 11533016, 11533016, 22030005, 11240006, 14081006, 30514009, 22002006, 30321005, 30320003, 30320003, 15212004, 30380002, 15211000, 22103001, 14861003, 14714010, 10141044, 14861002, 11532038, 10141044, 31024040, 24000379, 15202020, 15202020, 10141044, 10132003, 10141044, 32416009;23134002, 10141044, 10141044, 14206004, 14142038, 10141044, 10141044, 14082011, 14142038, 14131005, 14206004, 14300099, 14300099, 14300099, 14300099, 15202078, 15202078, 15202020, 15202020, 14206004, 14596016, 14275022, 14275022, 14275022, 14275022, 27400119, 14222009, 14080019, 14092026, 14275022, 27400119, 14403083, 30380002, 14200040, 14090021, 14141034, 10119057, 10119057, 34225051, 14141034, 27400145, 27400145, 27400145, 14141034, 14131005, 10119057, 14130021;27400145, 10119057, 10119057, 10119059;
11233044;15130027, 15115003;15114000;11301004, 11303014;
