10719, 14322, 10719, 11108;11164;15066, 15631;14079, 15038, 14443;14152;14098, 10080;15066, 14622;14152;14435, 30248;10637, 14319, 14338, 14705, 14338, 10198, 10060, 30248, 14810, 14705, 14705, 10129, 10068, 10068, 10068;14442, 14442, 14445, 14350, 14442, 30248, 14442, 14442, 14152;15066;
14435;14366, 14357, 14357, 14796, 14160;
15052, 14121, 30248, 14267, 15039, 15092, 15052;15092, 15039, 15039;15039, 15039, 15039, 15092, 15039;15092, 15052, 15092, 11079;14160, 15052, 15052, 14084, 15094;15039, 15039, 15092, 15094, 15039;14396, 15094, 15052;14393, 14314, 15012;14393, 15012;
15092, 14810, 14810, 11351, 11351, 11351, 11351, 11347, 30170;11209, 14177, 11094, 14117, 30248;11137, 14338, 14338, 14338, 14338, 11137, 30804, 11343, 11347, 14203;
10724;
34060;15038;
15012;14811, 15012, 14834;14442, 14177, 14177, 14177, 14177, 14731, 14173, 14173, 14281, 14431, 14177, 30248, 30248;
11129, 10094;15009, 14580, 15052, 10094, 10209, 10068, 30248, 30170, 15641;14203, 30248, 10086, 10209, 10209, 10209, 10209, 10209;10209;
30248;
15067;14727, 14268, 10064, 15052;15067, 10211, 14393;10064;10007, 14727, 14524;10007;10163;15066, 15073, 15052, 10211, 14098, 10211, 15548, 14191, 11150, 14803, 30248, 14098, 14366, 14293, 14041;14133, 10706, 10706, 14177, 10086, 10086, 30248, 14322, 15038, 15094;10086, 10086;14338, 14338, 14338, 10007, 30248, 15052, 14333, 14038, 14573, 15067, 14338;10086, 11154;11144, 30170, 15009;

15012, 10086, 14833;30248, 14152, 15012, 15012, 15012, 10107;
14098, 14581, 15092, 30248, 14098, 14042, 14042, 14042, 14042, 14042, 14042, 11079, 11079, 14042, 11079, 14042, 14042, 14042;15028, 14475, 14652;32188, 14652, 14322;15057, 30248, 14652;15028, 14652, 14652;30248;
10064;10161, 10161;
10069, 14564;14362, 14824, 15052, 14445, 14196, 14622, 14449;14362, 14362, 14168, 14556;15083, 15083, 15094;14196, 15083, 14362, 14835;
10086;30248, 10086, 10086;
32295, 11129;11129;
10124, 10124;10124;10124, 10124;10124, 10124;10124, 11129, 10124;30248, 30835;
14229;14265, 14044;14229, 14229, 14322, 11129, 14265, 15009, 14044;11036, 11026, 11209, 11036;14224;14044, 14265, 15038, 15066, 15066, 15009, 15009, 15052;
10029, 10029, 14160, 10730, 30248, 14391, 14810;30248, 14160;
15590, 15590;15631, 14268;14810, 14079, 14810;
14727, 14258, 14196;14727;
15038;
15052;30248;
14362, 14627, 14794;15012, 15012;
15012, 15057, 30248, 31104;30248, 15092, 11154, 11154, 10045, 10211;15012, 14832, 15012, 15012, 15012, 15012, 15012, 15012, 11079, 11079, 11079, 11154, 11154, 15011, 30248;14265, 14044, 14372, 14265;11154, 11154, 11227, 11227;
14650, 14622;
15052;15590, 15631, 15590;30248, 15026, 15026;15590, 15026, 15026, 15590;15590, 15590;
15552, 10016, 14281, 14281, 14245, 14281, 14245, 14281, 15012, 30248, 30248, 15012, 14071, 14622, 14245, 15552, 10016;11215, 11039;15039, 14245, 14245, 14071, 14245, 14245, 14245, 14281, 14281, 14245;
32133, 15012, 15012, 15012, 30248, 15011, 15052, 11123, 15012;14082, 14322, 14224, 15028, 15060, 15012, 15012, 30248, 14031, 14313, 14082, 14435, 32183;
10632, 10091, 10091, 10091, 10091, 30248, 10164, 10632, 11026, 10632, 10632;10083;14475, 14539, 10619, 10619, 10619, 14622;
15094, 14044;14366;14338, 14338;
15066;30248;
14556, 14556, 10702, 14742, 30248, 14667, 14667, 10161;
14041;
15631, 15631, 15631, 30248;
15052;15052;30248;15052;14366;15052;
11338, 10062, 11093, 15009;30170;
30248, 32133, 10060, 10060, 10060, 10060, 10060;
15092;
15012;15631, 15631, 15631, 15631;30248;10036;10706, 10007, 10060, 10063;

10060, 10060;15631, 10060;10060;10060, 15631, 15631, 15631, 15631, 14008, 15631, 15631;15631, 15631, 14811, 10060, 10060, 15039, 14362, 15039;14545;10060;15631, 14531, 10060;10060;10060, 10060;10060, 10064;10060, 10064;14008;10064;10060, 15631, 10064;14330, 10060;
11100;10199, 10199, 10199;15060;
15052;
15631;15631;
15094, 15012;15012, 15012, 15012, 15012;14281;15631, 15631;
14173, 14173;11114, 11133;
32295;10083, 10104, 10091;
15039, 15631;15039, 15039, 15631, 30248;15631, 15631, 15012, 30248;

14804, 14418, 14418, 14418, 14218, 14218, 14218, 30248;30248;30825, 30248;
10060;
14032, 14213, 14213, 30798, 14032, 14032, 14032;10142, 10142;10142;10142, 10142;10142, 10142;
15039;10060, 15026, 15012;10060;
14805, 11106, 14442;15094, 15590, 10106;10064;


14145, 14366;15039, 14043;15038;14177, 31019, 15012;
15039;14366, 14118, 15012;
14330, 30248, 15049;
14177;10060, 30248;10060, 10161, 10060, 10060;10161, 10161, 10161, 10060;10161, 10060;
15011, 30248, 15012;15038, 15012;15038, 15631;
15052, 15038;15038, 14753, 10068;14177, 15052, 15094;11385, 14076, 15052, 15038;15012, 14035;
10080, 10060, 10086;10060, 10086, 10060, 10060, 10060, 10060;10652, 10652, 10007;
10211;10714;10702, 10706;10106;11288;11026, 11093, 10086, 11129;10086;14322, 14737;10106;10106;14735, 14313;
14740, 15092, 10080, 15012, 30248, 15012;15012, 15092;
14600, 15094, 15039, 15039, 11129, 30248;14079, 14810, 30248, 14425, 14141;10030;30248;15094, 15094, 14345, 10086, 10086, 10086;
14173, 30170, 33042, 14173, 14173, 14173, 14173, 14173, 14830, 14449, 30248;14168, 11129, 14173, 11129, 30248, 14168, 14173;
30250, 30250;
32295;15077, 30170, 30248, 15061;
14265, 14753, 14788, 15009, 15009, 15012;15039, 14265, 14265, 15009, 15009, 30248, 14261;
14322, 15066, 14241, 15066, 15066, 15066, 14196, 14322, 30248, 15644, 15644, 15644, 15038, 14345, 15038;14071, 14196, 30721, 14622, 10060, 30248, 15052, 14322, 14322;
34801, 14246, 11204;34801;
15012, 30248;30742;15631, 30248;15012, 30248, 15631;14458;
15631;14160;10706;
11149, 15039, 15094;15052, 15052, 15052;
11079, 11390;15039, 15060, 14799, 10045, 30248, 15092;30248, 15060, 14330, 15012;15012, 15644;
15631, 15045;15631;
14116, 10086, 10094, 30248, 10107;10086, 14622, 10086, 10086, 10086, 10086, 14622, 14116, 10094, 14116, 30248;
10094, 30248, 10094;10086, 30248, 15631, 14362;15631;
14281, 14196, 14281, 14281, 10163, 10080, 30248;10053, 14281;10107, 14281, 14281;
15094, 30248, 15631;30248;
10068;11394, 11394, 11394;14079, 10007, 10007, 10062, 30248, 15094, 14160;
10060;14196, 10060;10060, 10060;15012;10060, 10060, 14168, 14010, 14177;14049, 14196, 14362;
14804, 14258;14539, 14804;
15052;15039, 15039;30146, 15052, 30248;11079;14318, 30248, 14261, 14098;
14160, 14200, 14200;14022, 14043;14022, 14022;14573;
14110, 14110, 14110, 14110, 14110, 14110;10086;
15039;10652, 10086, 10086;
14615, 14203;14200;
15631, 30727, 14475;14088, 14258;14258;14570;15031, 30248;

15052, 15052, 15045, 14313, 14313, 14393, 15083, 14784, 14333, 14191, 15083, 14784, 14224, 15052, 14393, 14224, 14189, 14393, 14224;11116;30256, 14224, 14224, 15001, 14005, 14005, 14079, 14191, 14393, 14393, 14224, 14784, 15577, 14810, 14042, 14036, 14224;15012, 15094;15094, 14319, 15052, 30248, 15038;15094, 15038;
15012, 30248;10211, 10107, 10715, 10003;15653, 15039, 10163, 14069;
30248, 11164, 11164;10086, 10086;30248;
15039, 15647, 14345, 14626, 14626, 14794, 14794, 30248;14177, 30248, 15631, 14615;14329, 30248, 14041;10060, 10060;15011, 15083, 15094, 15060, 30248;10655, 10655, 10655, 30248, 15039;15060, 15060;
14281, 14196, 15039, 15039, 15039, 14196, 30248;11284, 30248;10086, 15039, 30248, 10086, 11284;
15631, 15632, 15012;10086, 10045, 10137, 11224, 14341, 30248, 10137;11375;
30248;10211, 10086;

11163;15590, 15012;
10086;10083, 10083;10086;30248;15052;15052, 15052;10068, 10068, 10068, 10068, 10068, 10068, 30248;15039, 15052;30248, 15052;
30248;30248;11221, 14794, 14809, 30352;
11209, 14445, 11116, 14322, 14173, 30046, 14475, 11097, 15092, 14102, 14281, 14648, 30248, 14173, 14173, 14627;
10657, 10094, 10657, 10657, 10657, 30248, 10094;10104;14338, 30248, 14338, 14338, 10053, 10053, 14322, 10107, 10107, 14338, 14322, 14338;30248, 10657, 14338, 10657, 10053, 14338;14338, 14338, 10062, 10062, 14338, 10657;
15012;
15039, 15012, 15012, 30248, 15039, 15039;
30248;30248, 14032, 14160;30248;14213, 14213, 14213, 14213, 14213, 14213, 14213, 14213, 30248;30248;15039, 30248, 15094, 15039, 15039;30248, 15039;
15003;
15083, 15063, 15063, 15063, 15010, 15039, 15083;10091, 10091, 15039;15039, 15052;15039, 15039, 10091, 10091, 15052;10091, 10091;

10119;10103;10104;10103;10628;10104;10104;
11098, 32064;11026;14258, 15012;15039, 14225, 14245, 14173;14805, 10062;11385;15012, 30170, 30248, 14051, 14051;
15057, 15057, 14265, 10091, 10091, 15624, 15624;14366;
14173, 15092, 15092;11114;30248, 15092, 15038, 15007;
15624, 14218;11219, 11219, 15094, 15060, 30248, 15624, 15624;15094;15094;15039, 15039;

15012;
14341;
10007, 10063, 10062, 10069, 10007;10007;10107, 14152;10068, 10007, 10068;
34214, 34846;34005, 34214, 34846, 14794, 14306, 14177, 34214, 14544, 14149, 14366;14110, 15074, 30228;34214, 34214;
14177, 14177;14810, 14810, 14810, 14810, 14810, 14810, 14810, 14810, 14810, 14810;14177, 30248, 14177;14196, 14102, 15039, 14245, 14071, 30248, 14102;15631;30170, 33017;15094;14177;14177, 14177;10060;

15590, 30248, 15039, 15052;14281, 30248, 30256, 30256, 10124;15039, 30248, 15060, 15060, 14460;
11026, 11026, 11026, 11026;10086, 10086;

14623;
15039, 15092;30248;
30248, 14088, 14088;
15094;14475, 30248, 14152, 14051, 15094, 14196, 15009;15094;
14160;15094;

14319;
14213;14265;
10106;10060;15094;
14350, 30248, 32133, 15012, 10086, 10086, 10086;
15092, 15012;10199;30248;
15002, 15045;
14319, 14319;14354, 14012;
30123, 30832, 30832, 30832, 30120, 14041, 15012, 14703, 14652, 30248, 30017, 14703, 14753, 14622, 30734;
10086;10086, 30248;30248;
10706;14377;
15039;
15094, 10060, 14418, 30248;14418, 14418, 15094, 15094, 14322, 14418;10060;15094, 15094, 15012, 15078;
30248;
15009;15012, 15012, 15039, 30248, 15655;15631, 15631, 15009;14331, 14330, 14330, 14544;30248, 10705, 10705, 10705;
10086, 10086, 10086, 14177;
15631, 14225;14225;
30248, 30248;
15616;
15631, 15631;15039;
11385;
15094;
10103;
30721;
15039, 30248, 10045, 10060, 10060;10060, 10060, 10060, 10060, 10060;
15066, 10068, 11258, 14404, 11123, 14231;30170, 15012, 14545, 30123, 15083;
30046;

15083;14746;10064, 14177;15094;

30248, 15045;11156, 11156;
14835;15009, 14265, 14265;
15009, 15094, 15009;
14265, 14265, 14225, 14225, 15094, 15671;14265, 14265, 14810;
15631;30248;14039, 10068;15631;
15092;15092;
10148;14152;
15094, 10107;
14443;14443;
14121, 14225, 30248, 14265;14225, 30248, 30248;30248;14225;
10692, 10692, 10692, 10692;30833, 15631, 15631, 15631;15631, 15631;14160, 14012;
11130, 15052, 15052, 15052, 14362, 14265, 14265, 15073, 10124, 10124, 10124, 14322, 15094, 15094, 15009, 14435, 30248, 30248, 15039, 14622, 15092;
10106;14443, 10086;
11136;14112, 14366, 30248, 14345;30248;14345;
15094, 14712;14740;14148, 14177;
30248;
15094, 15039;15039;15057, 14084;15012;15012, 11129, 11129;15012, 30248, 15012;
15583, 15052, 30228;15052, 15052;10069;30080, 10069;15631;15012;15012;15012;
14281;
14366;
14372, 14322, 10069, 14652, 14322, 14322, 30248, 14809, 14809, 14151, 14330;14622;14810, 14810;
30248, 15012, 15094, 15094, 15012, 15012, 15012;

14079, 14306, 14798, 14810, 14213, 10068, 10068, 15052, 33054, 14810, 14031, 14784, 10706, 14145;10091, 10091, 10091, 10091, 14160, 15052, 14160;

32295, 32295, 32295, 32295, 30248;
11151;10632, 10086, 10086, 11151, 10086, 10086;10675;
15094;
11032;15631;


14805, 10706, 15052, 15052, 15052, 15039, 14805;11148, 11334;14622, 14622;15052, 15052, 15052, 14622;
15052, 15052, 15052, 15052, 15009;15009, 15049, 15012, 15009, 14651, 15009;15009, 15009, 15092;15052, 15092, 15009, 15009, 15009;
11223;15052;15094;30253, 14112, 14098;30256, 30322;15094;15012;10124, 10724, 10724, 10124, 10608, 10608;15012;14200, 14200;15094;15012;15012;30727;30170, 30170;14200;14032, 14032;
15012;15012, 15067;15631, 15631, 15094;30248, 15060, 15094;
15060;15023, 15631;15023;
31095, 31095, 30248;30248;10086, 10086, 14444, 10047, 10047, 14444, 10741, 14444, 30248, 10741;30248;15074, 30248;15074;30248, 11154;15590;15092, 15092;15009, 30248;30248;
15039;15039, 10086, 10086;
15060, 15074, 30248;
30204;31017;15045, 30146;15052, 14079, 15067, 14810, 14213;10060;
14173;
10007;15039, 15123;30355, 14475, 14475, 11130, 15092, 15092, 15092, 30248;
14051, 10211, 30248, 10163;14051, 14435;10005;10062, 10163;
15052;14729;15052, 30248;30248, 15038, 15038;30046;15052;15052;14728;15003, 15003, 30248;10086, 10086;30248;11385;30248;
10086, 14354;10086;
15631, 15631, 14458, 14458, 14622;15631;
15078, 15078, 14622, 10124, 10124;11221, 14168, 11008, 11008, 30248;30060, 30248, 30293, 10086, 30170, 11131;10033, 10033;
15039, 15094, 15094, 30248;14069, 14224;
10060, 31027, 10711;15012;15012;15012;15083, 15045, 15039;15012;15012;15012;15012;
15094, 15094, 10123, 10123, 15012;14404;
14225, 14225, 14395;30216, 30170, 14442;14051, 14350, 14208;
15066, 14313, 30248;10084, 30248, 15009;15031, 15094, 15092, 30248;15092, 10038, 14071, 30248, 15009, 15083;
14767, 30248;15039, 15094, 14281, 14281, 15094, 30248, 10106;14281, 15039, 10106;
10198, 10198, 30248, 10659, 14678;
10060, 10060, 15052;14229, 15092, 14322;14281, 10060, 10060;14622, 14622;15038, 15038;14245, 14442, 30248, 14372, 14071, 14281;
30170, 10107, 10107, 10107, 30170, 30170;14322;
15012;
15011, 15092;
15012;30170, 30170, 15012;
15094, 15094;
30340, 31166, 30829, 14225;14421, 14098, 14005, 14005, 14005, 14005, 14005;


15094, 15094;15039;14177;15052;10007, 10007;
14322, 14622, 14173, 14622;14051, 14177, 14051, 31017, 15624, 15624, 31133, 14196, 14196, 15052, 14177, 14177;15052, 31088, 31017;10706, 10715, 15052;14173, 14196;
14449, 14338, 14338, 15564, 14338, 15564, 14268, 14449, 14338, 14338;15052;
14098, 14810, 30764, 30248, 30248, 14810, 14031;
14247, 10060;15094, 14177, 15094, 14043, 15039, 14191;14783;
15009, 15039, 14396, 15073, 14396, 30248, 14355;14267, 30813;30248, 10106;30798, 30355, 14396, 14104, 15009, 15577, 14396;14769, 14769, 10064, 15039, 10062, 14117;14355;14396, 14622, 15039, 14355, 14396, 15009;14355, 32295, 14623, 30253;15052, 14396, 15039;
11079, 15045, 14362, 14396, 14396, 14033, 30248, 14123;11129;30170;30248;15052;30180, 30248;14362;15094;15094, 15052, 11154, 30248;
15039, 15094;15094, 15094;15094, 15039, 15039, 15012, 15012;15094;
15011, 15011, 14362, 14281, 14196, 14372, 10086, 30248, 15052, 15052, 10086, 10710, 14196, 14397, 10106, 14362;10106;
15094;15012, 15012;15094;15092;14079;30248, 15012, 15039;14330, 15012, 15012;15060;14443, 15078;
14123, 14167, 14231, 30248, 14168, 14044;14366, 10719, 10094, 10719, 10719, 10123, 10123;32295;14098, 14145, 14268, 14623, 14544;14366, 14098, 15045;15631, 14362, 14168, 30170;14362, 15631, 15066;15060, 14362, 14362;
14196, 14196, 10632, 10632, 14196, 14082, 14196, 10706, 30248;14196, 14196, 14475, 14442, 14719, 14281, 14442, 11327, 30248, 11327;
14463, 14822, 14822, 10703, 34854;14100;34214;34060;34060;15039, 15083, 15083, 15083, 15083, 15083;15094, 14168, 14168, 15009, 15009, 14803;34079, 30717, 34128;
14810, 14079, 14079, 14079, 10086, 10086, 14301, 30248, 14810, 14752;
14225, 14225;14366;30004, 15012, 15012;14041, 30248, 14622, 14622, 14162, 15012;14051, 11106;10091, 14810, 10091, 10091, 10091, 10091, 10091;14545, 14051;14545, 15012;
14322, 14475, 14475, 14233, 14265, 30248, 14788, 14788, 14350;14338, 14338, 10211, 10211, 14338, 14338, 15074, 15066, 14338, 15038;
14784, 33054, 14191;15012, 15009, 15009, 15009;15009, 15009;15644, 15644, 11159, 15100, 15644, 11159, 11048, 15092;15009;14160, 14160, 14160, 14160, 15094;15094, 15009, 15094, 14345;15009, 15009, 14152, 14322, 15094, 15094, 14265, 14208;15009, 15100, 15094;15094;15123, 15123, 15123, 15123;15094, 15094;11159, 11159, 11159, 11048, 14191, 15631;10091;15094, 33054, 14152;15011, 15094, 14160, 15009, 15045;15094, 15009, 15009;
15052;

14780, 14313, 14781, 15094, 10063, 10163;15082, 15001;15094, 11217, 11051, 14650;11051;14318, 15060, 15067, 14088, 15066, 15066, 14544;30730, 30833;14810, 15083, 10106, 14366, 11079, 14810, 11079;
15631, 30248, 15631, 15039;
14168;15590;
10062;
30248, 10060;15094, 30248, 15123, 15052;30248, 30192;15009, 30248, 15094, 15094;14338, 14189, 14338;30248, 10086;14580;15039, 15123, 15123;30248, 15039;30248, 10086, 15009, 14622, 15039, 15002, 14622, 15038, 15123;34224;30262, 30262, 14268, 30262, 15123, 31027;14322, 30248, 15039;14705, 14544, 15123, 30248, 14705;30170, 34832, 14196;15123;14322, 14196, 14322;14069, 30248, 10124, 30833, 14694, 15039, 15052, 34003, 14241;14544;
15012, 30192;14519, 14196, 15094, 15092, 10086, 10706;14366;15094, 14322, 10086, 15631;
10086, 14322, 10741, 15073, 15094, 15631, 10106, 14071;14665, 10086, 14362, 15031, 10154, 15078, 15078, 14071;15094;
14803;15009;15009;15009, 15631;30248, 15631, 15631;15009;30248, 15631, 15631;15094;10086;15631;30248, 10164;15631, 30248, 15012;15631;15631, 15631, 30248;15009, 15631;10086;31053, 31134;30248, 15631, 15631, 15631;
15590;15631;
15060, 15012, 15011;15011;15052, 15012, 15012, 15011, 15011, 15564;
15094;14123, 14123, 14116, 14449, 14449, 30248, 14082;
10029, 10066, 10066, 15039, 15052, 15052, 10029;14035;
10163;10060;10060, 10060;14826, 10080, 10080, 10080, 30248;
30248, 36060, 36060;30826, 30826, 30826, 34804, 30826, 30826, 30826, 30826;11222;30832, 30248, 15031, 30105, 30262, 30017, 30216, 30017;31027;32059;14045;31027;30248;15057;11227, 11227;14366, 14112, 30186;14652, 15052;11204;33033;15011, 30248, 15094;33020;14076, 14804;15094;15052, 14168, 32036;
14177, 14445, 14440, 14440, 14177, 10127, 10127, 15012, 14442, 30248, 14622;14281, 30833, 14445, 14442;
15012, 15012, 30248, 15094, 15548, 15548, 15067, 15067;15094, 15012, 15094, 11224;
14016;
15557, 15557, 30248, 14032, 15012;14799, 10060;
14785, 15011, 14746, 15036, 14080, 14080;15094, 15094, 15052, 14322, 10097, 10741, 14785, 14168;10097;14784, 14372, 10741, 15094, 15052, 14293, 14785;
14622, 15012, 15092, 15092;
14236, 15039;
15052;15631, 15631, 15094;15028;15052, 14043;15052, 14301, 14301;
15012;15012, 15012, 15012, 15012;15012, 15012;15012, 14160;15012;15012;15012;14213, 15012, 15012, 15012, 15012, 14213;15012, 15012, 15012, 14386;15012, 33046;
14705, 14319, 14319;15074;11146;
14366;
10106;15039;15039;15052;15039, 15052;11048;15039;15052, 30170;10691;
15012, 15012;15094, 15052;15012;15052, 15052;30170;15052, 30248, 15012, 15012, 15012;15012, 15094, 15057, 15094, 15001, 15057, 15057, 15094, 15057, 15052, 15057;
14475, 14794;
15012, 15094, 14322, 14116, 14116, 31165, 31165, 15039, 15038;15039, 15039, 15067, 14098;15094, 15039, 15038, 15012, 15012;15039, 15039, 15039, 15039, 15012, 15012, 15012;15039, 15012, 10080, 15012, 10730, 15039, 10730, 14177, 14044, 14173, 15083, 15012;15039, 15039, 15094;
15092, 15092, 34078, 15094, 34175, 34017, 34764, 34079;15094, 15094;15092;15094;11224, 11224;34129, 11258, 34079;
15092, 15092;30248;
14442, 10086, 14196, 14208, 14445, 30248, 14444, 14444, 10086, 11154, 11118, 10702, 10107, 10697, 14612, 10107, 10106;10068, 10211, 10060, 14041, 10703;
14265, 14265;15052;
11123, 10727, 11385, 11385, 11392, 34039, 11159, 11159, 30248;
15052, 15052;15052;15052, 15052;14322, 14322;10060, 10060;15052, 15052, 15094;
10062, 10211, 30248, 15083, 15083;15094;30248, 34855, 34855;14112, 14261, 14160, 30248, 14032, 14160;15094, 14366, 30248, 14366;15011, 14366;30248, 14012, 15094;14810, 15012, 14810, 14366, 14112, 14203, 30248, 30235, 14810, 14810, 14810;
14177, 14177, 14177, 15066, 30248;15052;14098, 30248;14475, 15092, 14145, 14145, 14475, 15590, 15545, 14319, 11327, 11229, 14189, 14168, 14805, 15092, 30727, 34214, 14805;14173, 14121, 14249, 14357, 14177, 14338, 30248;15590, 10064, 10063, 15012, 14098, 14177, 15060, 30248;14333, 14301, 14098, 14333, 14338, 14338;30248;15052;14160;30248;15564, 14098, 15039;
14213, 14810, 14788, 14213;15012;15012, 15094, 15012;15060, 15548;
14366, 15039;10062, 30248, 10060, 15039, 10062, 15094;15012, 15039, 14832, 14832;
15012;14118, 14035, 14035;
15012, 15631, 15631, 15094;15631, 15631, 15060;15631, 15631;15631, 15631;11209;15052, 14318, 15012, 15052, 30248;15039, 15052, 30248;15576, 15576, 15576;15039;15039, 15012, 15012;
30248;30248;15009;30248, 15009;10062, 10062, 30248;14267;15009, 30248, 14545;30248;30248;30248;
14338;14160, 14098;
15009, 15009, 15009, 15009;15009;15009, 14044, 15045;15009, 15045, 15009, 15009, 15009, 15026, 14293;14044, 15009, 14044, 15009, 15039, 15039;15009, 14044, 14044, 15039, 15039;
15039, 14743, 10107, 15094;30170, 10659, 14118, 15052, 14544;
31133, 31027;11388;30193;30248, 14345, 14126, 14126, 14126, 14127, 14126, 14830, 14580, 14580, 14580, 14580, 14531, 14726, 14726, 14168, 14168, 14197, 14726, 14726, 14197;15052, 15012, 15052, 15052, 11131, 11106;31030;15052;
30248, 15624;30798;15094;10107, 10107;15066;15009, 15009;15009, 15009, 15009;

14810;14544;30248, 15052, 11123, 15094, 10086;
30248, 15094, 14322, 14281, 14196;30248;
15052;
10107, 30248, 14366;11345;15094;15094;15094, 14443;15094, 10125, 10125, 10125;11114;
14460, 30170, 14460, 14460, 14460, 14231, 30170, 30170, 30170, 30170, 15094, 30248, 15052, 14079, 14545, 10086, 14079, 11385, 10086, 31168, 15052, 15052, 10086, 10060, 10086, 32133;10086, 10086, 14362, 14350, 10086, 10086, 14245, 14350, 14051, 14362, 14422, 14422, 14422, 14422, 15590, 15590, 15052, 15052, 14362, 14322, 14460, 14460, 14460, 14460, 14258, 14322, 14233, 14460, 30248, 14208, 14196, 14350, 10706, 10706, 34214, 14350, 14350, 14051, 10706, 14051;10706, 10706, 10706;
15092, 15012;15012;11344, 11049;
