15200
11531
14014
14050
11532
10130
14402
11533
14403
10113
11533
11533
15200
15200
22712
15120
15232
27000
22712
15120
14815
15120
24401
10300
10300
15120
15114
23112
14405
14617
14701
22010
14802
22007
14300
27100
22190
14860
14750
22172
23110
22103
22172
22170
22130
22190
22170
14750
22008
22800
27100
22601
22013
22701
22103
23110
22001
15115
14900
30380
14842
14843
14521
15149
14847
14842
14510
14520
15115
14842
14633
15115
15115
15232
15115
30380
14630
14630
15115
30380
27410
22601
24101
20121
20103
25101
20014
27000
20121
25111
27000
25111
14121
25111
14830
14750
14082
15116
15004
15114
15114
23131
15115
22100
21011
23132
22172
23132
22036
21200
15116
11102
11022
14054
15114
15114
21801
23110
22036
10103
27410
27410
14513
14513
22013
27400
30380
22120
27400
14900
14900
14831
14831
14655
14900
14900
14900
14900
14900
27400
30332
15130
30380
27000
27000
22035
15113
10401
10401
15110
14900
30380
14900
14900
27400
27400
14900
14900
10401
10000
15440
15440
15004
22007
22500
22631
22600
22000
22036
15116
15116
23110
23110
23121
15230
30380
14560
23110
22000
14560
15200
21801
27100
15242
14900
14813
14813
25111
30162
14750
14900
15110
14750
14802
22630
22621
23110
22032
24000
14802
14284
10119
15110
22008
15115
14142
22007
22102
22013
30164
22102
22008
15110
14142
22008
15130
23113
22036
30380
22008
22008
15116
30380
22008
27200
23132
22035
27410
27410
14112
30380
11052
11052
27400
15115
15115
15115
23110
23110
30380
14080
27300
14060
27410
14083
22020
15202
10000
22711
14252
14090
10000
10000
30380
11400
22111
22013
22130
22130
10141
10141
10141
10141
22034
14721
27000
22013
22007
22102
22130
22170
14800
25101
24010
22102
22171
22111
30380
14811
27002
27410
27410
14802
14815
22013
22008
22602
22101
22102
24101
22102
22036
22030
22036
22120
21200
15410
21200
22030
21200
22034
22034
21200
11300
22631
22500
22036
22008
22500
22500
22500
22500
22500
22100
22500
22500
22500
22101
22500
22111
22000
22102
22101
21120
22102
22171
22103
22111
22103
10001
15605
20101
20121
22102
22021
22101
22130
22021
22102
22103
22102
22102
22021
22021
20121
20121
10441
14863
20100
22172
22021
22102
22103
22702
22101
22172
23132
22102
22102
27100
22102
11110
11110
15114
22008
20121
27000
23121
14261
22102
22102
22103
22172
25101
22702
33060
22103
27002
20121
22102
22102
22102
22020
22102
27000
25120
22190
21021
22103
22172
22103
27100
15469
22120
22190
24101
24032
30445
30380
14842
15019
30444
30447
27410
21021
24101
30380
22036
22111
24101
20103
25120
22715
22715
30500
30812
25120
27400
30380
24010
24101
22020
11056
34204
11056
34212
11220
30820
11141
34200
15502
30380
11303
30701
30701
14121
10141
10141
10141
14200
10100
10100
32030
34363
14721
31015
15242
22034
30380
15202
22008
31014
22630
30903
15202
22103
14814
30380
22170
15130
22101
30701
11502
14076
11056
11500
30380
30380
15130
10102
14076
24010
14831
30380
23113
22600
27002
14750
22701
22036
15115
30380
14082
14834
14834
14054
22103
23131
14835
14720
22111
23110
15114
15115
15110
22010
27100
21801
31004
14721
23134
14220
14113
22511
23110
22007
14258
14032
14113
15115
31001
23113
15004
30380
22103
22110
21110
27100
30380
27002
27002
15110
15209
14090
14040
30380
14208
14070
11300
11303
22021
14531
25111
27100
30380
14052
15115
14043
30380
14917
14813
10141
14812
22671
30380
14814
11110
34225
34225
27000
14802
24012
21400
14730
27400
27400
27400
27400
30380
15004
15004
15019
21400
15019
10401
14842
14730
15114
15343
14720
14720
20121
27100
15004
15005
15115
22036
30380
22013
14108
10150
15110
23131
11532
30380
15200
15200
30380
14531
14014
14080
10002
14082
14203
14203
22702
10008
14101
14043
14073
14142
10119
14140
30380
27002
27100
22102
27000
15114
30380
11300
27000
15115
15115
27000
15114
20110
30380
22102
22101
22500
22103
22036
30161
22111
22111
15200
27410
27410
22001
27240
15114
27200
15110
30380
14721
15115
21801
22036
22102
22101
14956
24000
25120
27000
23132
14826
15200
23132
30380
15200
27410
14750
24000
15200
27201
27300
15200
15230
14661
14661
14804
14112
22008
22102
14836
23120
24101
14543
30380
27000
14531
24101
14300
14300
21021
27002
14802
30380
23110
14620
23134
30380
27300
21110
15110
27002
22008
30380
22102
23110
22103
30512
22172
30380
21110
22008
22102
22802
22034
14714
30380
22102
22034
30380
22860
14815
11531
30380
14703
15110
34222
11233
11300
22103
22034
22102
22102
22500
22500
23110
22002
11110
11231
11300
30010
11500
11502
15202
14563
27410
23132
27002
34225
34225
34225
34225
34225
11300
11056
11054
11110
11110
11303
11231
11300
20103
22001
14839
15130
22008
30380
15240
14243
10201
22071
30380
15202
11501
22001
14130
14050
14052
11303
11300
11050
11104
15200
14721
27000
15240
30380
15004
15242
10140
10140
14863
14860
14831
14076
14721
15231
14860
11501
15605
11501
10152
14080
11504
15123
22671
15139
14722
33060
14872
14722
10141
34101
34101
14861
10100
15140
10136
10300
15140
30380
15605
14541
14774
10001
14705
10151
15100
15101
10151
14710
11111
11111
10110
14342
30380
30304
14093
10113
14093
15202
14342
10435
14110
22101
14916
27410
27300
27300
14905
14903
14846
14903
14905
11110
14916
14722
14091
14092
14082
14082
14082
27300
27300
14661
14232
14092
15459
30320
14241
25120
22013
22111
22710
21801
14100
27400
30380
21801
10119
30161
10150
10150
10119
30380
22130
23110
14814
14822
23113
23110
22130
15232
23132
15232
14860
22007
15230
22001
31425
22021
22120
22036
14640
22001
22013
22111
40000
11056
30300
22071
14860
14860
23110
24010
22103
22100
22630
11500
11500
27200
11508
11508
22603
27410
22602
27410
15202
15605
15605
14705
22036
15605
22021
15605
15605
11200
27410
11530
30380
40000
22103
30451
15230
15120
11233
30380
22102
23110
23110
11230
22102
22035
10150
14010
15442
22034
30380
15200
27410
15000
22000
23110
15200
30380
23132
15200
15200
15200
14832
15110
30380
30380
22004
22170
22100
14281
22101
22036
15200
22102
23110
14275
14258
30380
14112
22111
14530
15200
22000
22102
23110
22102
30380
23110
11300
11300
15110
30380
23110
22630
22102
14281
11533
14076
10109
10111
36035
36035
10441
10150
14093
15120
15202
15202
15211
15202
10200
15432
10200
15120
25111
15114
25111
15241
15219
10501
27000
15219
14722
27000
15242
10501
25120
27000
23110
10116
11303
11114
31049
23132
31042
30010
31001
11303
30380
30362
30231
30380
30338
14831
22610
21021
10201
10201
21021
14723
23131
23131
25111
27000
23120
11052
11052
15115
14022
15410
11054
10119
14112
14815
15115
27100
11230
11220
11220
11220
11220
11220
11220
30380
11220
11303
11300
11022
11055
14261
14130
40000
32143
14050
10150
10150
30103
24000
24000
22036
24012
27410
22102
24403
23121
27002
27000
11301
14916
27200
32403
23120
25100
22630
14014
15209
10130
10141
10141
15202
15263
15130
10117
15004
15004
14722
10141
10130
23110
15130
14802
15004
22035
14900
15004
11043
11044
11042
22036
14830
14241
14258
14121
11233
22020
15130
30380
15231
10116
15004
15004
14916
15231
15130
10119
14721
15405
14916
15231
15231
24220
15231
14050
14101
10000
14814
22008
10002
14140
15231
14530
10002
15405
15130
14633
15231
15130
30380
14814
15110
14633
15231
15130
14252
22170
27002
27002
15113
15113
14721
15250
15230
14830
22036
22021
10150
14000
15110
30380
15110
14584
14000
11102
10132
30380
11521
11522
14830
27410
15140
10002
10130
14092
30380
23113
14900
11302
15230
30380
14900
24010
10002
14900
11531
11230
11220
23121
27410
27410
27410
11233
11057
11054
30380
11222
27000
14845
23110
22172
14091
30380
23132
14275
11522
14250
14815
22012
14863
14861
15115
15110
14250
15004
15004
23110
11504
30380
14723
14723
22102
11200
11300
14131
14222
11233
23130
23132
15004
15004
15004
15343
24101
22013
15004
22036
27002
14215
22802
23131
14130
22013
14090
15202
14130
22601
14000
15200
14013
15114
14956
22130
14130
14815
14636
15000
14956
15202
14826
14107
11300
10502
14663
30380
14845
14750
14661
14661
14661
14661
23110
15000
10435
10435
14843
27100
27421
14842
22600
14870
14845
14750
14750
14750
22001
14900
14721
14956
15201
14932
24010
14845
11532
30634
14900
11531
30380
23110
11300
25121
11222
11110
30821
22013
30380
24010
24012
24012
15130
30380
25111
22021
11304
25130
22020
27000
22036
20110
15110
15110
10310
10310
10310
27000
10310
14275
10131
30380
15130
14275
15130
15130
14031
14081
27410
27000
21011
22190
27300
14844
22111
22130
22036
21200
27300
21021
27300
22830
21021
27300
20201
27300
22130
27400
27100
30348
30380
30380
27410
22010
27200
15502
15231
15502
22020
14525
32352
14513
30304
15410
15410
15000
30321
15410
30304
30380
15502
10200
10000
10150
10002
10200
22020
30380
14722
22071
14722
22071
15202
14861
14052
10200
10150
15202
11500
14132
14131
14515
14090
10200
10201
22102
22172
22170
10150
32316
14404
33060
25101
22101
10200
20130
20130
27240
30380
22034
10200
30380
22034
10002
27200
10000
15502
27410
15242
10150
14092
14506
14092
11313
14050
14131
30380
23121
24401
10000
15115
14131
15115
14090
14091
14050
14052
15130
14131
10000
10000
10000
14092
14275
14200
14200
14091
15115
15115
14105
14054
14052
30380
14091
27002
15012
15115
15115
23120
30380
15004
15000
15004
30380
15503
15115
22008
31023
15130
10111
11532
11532
10112
23131
23131
30380
11501
11230
11501
11501
15000
15115
15115
15115
11500
31101
27000
27000
22103
10319
10319
14112
14836
14754
14754
14112
22130
22111
31001
22111
30380
14826
31115
14837
22001
22601
22020
22702
15202
15202
10132
30380
11101
14121
11500
10140
30380
10140
10140
22020
22001
14200
15202
30380
15202
22036
22035
11220
25120
23120
14014
15202
14082
15202
15202
14014
14917
25111
14836
14530
24401
24401
15410
23132
22032
14031
15119
15119
22007
15200
22007
22601
14828
11302
22830
11521
14802
11300
15114
14917
14650
32013
11533
30380
11054
31003
27410
23110
27000
14917
14860
23110
23134
14839
22500
23110
27400
14513
15113
14310
14310
14310
15110
30380
15111
30133
30133
30380
27400
14513
27002
14863
22008
15503
15130
22021
30380
11005
11530
34513
30821
30531
30820
11540
11141
14917
14585
22101
15202
22008
22102
22111
24101
22130
22111
30380
27400
27410
15115
15115
15130
23112
15004
27000
15130
27200
27200
20110
27410
27200
15232
27200
27200
15110
23134
23134
23110
15232
30380
20110
20130
15110
27410
27200
10001
14000
14091
20100
10150
14092
30380
14091
20110
27410
10141
14092
27200
10001
27410
10001
27002
10002
27000
14407
21012
27400
27400
27000
15110
11110
23110
14073
23132
14241
20130
30380
14243
14956
22005
22036
22032
10119
22030
23113
15110
22851
22671
11004
30012
14956
15104
15232
15232
22500
23131
15130
15130
15105
10141
21021
15104
15209
24101
30380
10111
21021
21021
15130
27000
10130
10200
15104
22102
15004
14091
14092
30380
10119
10150
10150
31049
31047
10141
15004
15110
23120
15200
15110
23134
27100
30380
27200
25101
33060
15115
23110
14083
30380
15111
22020
15111
15202
15202
22008
11507
21000
22130
15262
15262
15110
30335
22102
22101
22036
22102
22103
22102
15262
27002
30380
27002
10501
10501
30161
14802
11531
30380
14561
11230
14801
14827
14821
25120
27002
22101
22103
22102
15410
27002
22101
23110
23110
23132
27000
23110
23110
15202
24000
30380
24403
23110
15202
27002
15202
24403
24401
24000
27002
23110
23134
15202
24111
21700
27002
15202
27002
24401
23110
22021
11022
32917
11121
30010
30010
22030
14863
22034
22901
27000
27000
27200
15000
15104
23131
11521
23131
10141
14570
14521
14520
15419
22012
30380
14112
15209
15209
14112
22001
22034
15209
15209
30380
15209
15209
14112
15209
15209
10119
10119
10141
11530
33060
34513
30365
14572
10141
30000
10141
10141
10141
30380
10141
15115
10141
10141
25111
14121
14090
30380
23110
23110
14082
14090
14594
10130
23110
10200
10200
30380
14280
15232
10310
15110
23110
23110
30380
21801
14401
22102
14863
27300
15200
30380
15200
30380
15110
15200
30380
15200
15200
15110
14077
15202
14052
27000
27000
27300
27000
27410
27000
15202
27000
27000
30380
27000
27410
27410
27410
27400
10141
10141
30011
10110
22008
15110
15110
10131
22034
10131
15119
22671
10131
10131
15116
15116
15116
15116
15116
10131
15116
14873
14082
10131
10131
14243
15116
15110
15116
15110
14750
10131
23132
14928
15116
10131
10131
27400
10131
10131
25101
14721
27000
25120
27200
25101
25101
25101
27300
25101
21400
25101
25101
25101
25120
25101
25101
27000
25101
25120
25111
27000
27000
27300
25101
15119
22000
25101
27000
22021
25101
25101
22671
27000
25120
27000
25111
22036
15119
27000
25101
22671
25120
25101
25111
27000
32325
23120
22013
30380
22008
23132
23112
11303
14811
15111
15111
22020
22111
10119
14802
30380
27002
27410
15502
30380
15115
22008
25130
27300
30380
22010
22036
22008
27000
24010
15121
10100
22600
23110
15119
23132
27300
27300
15119
15115
15115
30380
15110
15114
15115
15119
15114
30380
15000
15110
14839
14956
27100
25111
27000
27000
27000
25111
27000
27000
27000
27000
10000
24010
14072
24101
25111
27000
27000
27000
27200
25111
27200
10141
10141
27200
27200
25111
11503
11503
11230
14906
14352
14232
25005
14653
25120
30380
10116
14914
14054
14850
14223
30380
14860
25111
11504
11110
14401
15110
15110
15114
14820
14820
22102
22120
25130
27300
25101
27300
31042
31042
25101
25012
25130
14836
22601
22630
25130
27000
27000
10000
14573
27000
10150
10002
10000
30380
27000
25111
30445
27000
22713
22631
22601
22610
14636
14636
14710
14812
14636
14636
22601
25101
15012
25120
25101
27410
25120
27000
25111
25101
25111
25111
22130
22130
25111
25111
27000
22170
22103
25111
22102
21801
22130
22102
25111
25121
15402
22172
25111
22102
22130
25111
22111
25120
25111
20110
25120
22130
25120
30380
22130
14839
14839
20012
25101
25101
22103
20012
14839
22111
22130
21021
23110
14839
10000
14020
15120
30380
27410
23134
23132
10150
22020
30380
30380
15202
24012
21021
11301
21400
11300
11241
14401
14401
27300
24101
23132
27002
24101
21801
22008
22101
14076
14082
30380
14082
14082
15114
22172
14060
22601
23110
14072
22600
23110
27410
27400
15232
15232
27000
27200
14802
27000
30380
15114
15202
15114
15114
15114
15502
15114
15232
15232
10130
14132
15242
15242
15242
15242
30380
15231
32316
14841
15120
15232
15110
30380
15115
14130
15232
15114
15232
15232
11532
10150
27410
27000
10000
22830
23132
23132
22021
22035
30380
30380
14200
22021
23110
22035
22021
27000
23110
15114
22035
27410
10131
22035
10113
10201
10201
10201
10130
10112
23132
10000
22002
22030
22103
22111
10001
22120
30380
23132
15410
27000
27240
25100
15340
14091
27240
30821
10001
15502
14090
27000
22102
27240
22111
22008
27000
10000
22102
10001
27000
30380
22111
14844
14721
14846
23121
27000
14841
14860
27200
27000
27000
22008
10001
27100
22008
27000
10002
14091
14054
30380
14076
14076
14091
30380
15114
15202
15115
15202
14092
10116
10116
10141
27200
34101
14011
22630
22604
10141
11044
11044
14070
30380
15115
27200
15115
11301
14092
30151
14837
14860
25012
22130
22120
30380
22172
22036
23132
23132
22032
23132
23132
23132
11054
14841
23132
30380
14863
14863
22172
23132
15004
22036
15323
23132
14956
23110
15004
30512
30348
30380
30710
11521
30444
30052
11311
11312
11221
15110
11023
27410
27000
23110
11022
27410
15110
27410
14300
30514
15110
22130
22013
22010
30380
22036
15202
15201
15201
15202
34204
34204
22604
30380
25101
30380
14833
14721
10501
10501
14721
24010
14721
22601
30380
27300
22036
22172
22172
15119
15000
22130
30380
22130
22101
22103
22111
22172
22100
24010
24010
15004
15004
22800
24010
30380
15110
15000
22102
22103
27300
22103
27300
15411
22710
14401
23110
15114
15200
14811
15411
15200
22701
15114
22830
22840
14750
14863
30380
14750
14010
23110
23110
14072
30380
34038
14275
30161
14917
14900
30514
14275
14275
30380
15130
14593
14593
14593
14774
25101
25111
30832
30351
15420
10119
15121
15121
15121
10000
10000
10141
10141
22012
15115
14054
14052
14050
14050
30380
14054
14077
15139
14052
15104
14054
14075
14052
22008
14830
15231
27000
27200
14722
30553
30553
27000
27000
23110
23131
22008
15139
32043
23131
15263
30380
10000
10140
10152
10152
10152
30380
22701
15110
15110
11303
30380
11303
11201
11011
15113
14082
14082
40000
22671
15110
30380
11305
11305
27300
27410
25130
27410
15121
30380
14200
27000
14140
32917
14078
14284
15130
15130
15130
27410
10135
27000
10116
27410
10002
27200
10008
27000
10002
10150
27200
10110
11300
11522
10119
11044
11057
10119
27000
14051
14071
27000
22172
22101
22103
22101
22172
22102
30380
27000
27300
27410
27000
22190
22132
22007
22010
25120
25120
22040
27000
22101
22036
22103
21200
23121
27400
27400
30380
27400
27002
22111
27000
21200
14222
15115
15115
15115
14851
27300
22036
20110
22130
22008
23110
14200
22101
24010
22102
22100
34204
14525
14525
14513
34204
22715
14525
22102
22102
22716
14513
22101
11210
14513
22102
22101
22034
14513
22036
22716
14860
22170
24011
22034
22130
22102
22102
22102
22036
22610
23113
30380
23110
14531
14409
14409
14820
14811
15110
15114
14636
14403
14822
22901
14130
11110
23113
15232
27000
22102
22172
22172
15005
15209
30380
23110
23110
34220
27200
30380
24010
34220
30241
30171
24010
14900
14916
14839
23134
30380
23134
23134
10401
10401
10401
30380
15200
15202
14342
27410
14076
15202
27410
27410
14342
14121
14121
10501
10501
10501
10501
15130
23110
30161
30125
30125
30125
30125
30121
30121
22101
22172
22102
22103
22111
22102
22036
27030
15110
22101
22102
22130
15019
15004
14636
14403
32628
14403
14845
23110
14636
23110
14845
14900
30380
14636
15231
14837
15139
14092
14092
22102
22171
30380
15200
22036
22170
22130
15231
14241
15004
15004
14091
23132
22036
14092
14092
30380
27200
15004
24010
11112
25120
15004
34220
11300
11303
22701
10150
27300
14831
11121
10501
14835
27100
27100
14916
10000
30380
27000
24101
15231
15231
15231
14721
11230
30380
23134
14860
15110
11303
30380
30380
14860
27002
15502
15503
11110
11230
14121
30380
11543
23110
10133
10132
30380
24101
14837
23113
14836
22110
22103
22172
30380
25120
30380
23142
23121
22036
15110
22701
22071
23121
14723
21700
27000
15420
22120
22132
23121
22130
25012
27240
25012
15402
11502
11303
11230
15130
27300
15433
30380
24010
10100
14800
23113
34304
14060
15343
15130
14120
30380
22103
15343
15130
15502
10140
14092
30380
14091
14021
14092
10150
30380
10132
11056
11056
11056
11056
14120
11056
11500
11303
30380
10140
11500
14060
11300
14121
10140
14084
24000
21021
22190
22120
15402
22103
24030
22111
22120
32736
10502
14900
22630
22601
22008
14900
14871
22610
24101
22830
22021
21801
30380
22802
15200
15110
14914
11057
14644
15130
15110
14905
14905
14905
25012
14905
14905
30380
27300
30380
25110
25111
15605
14900
27300
20014
20014
14121
27400
14900
14900
14905
14903
14903
30380
14900
14722
14722
14080
14900
14900
14594
14900
30010
32403
11110
14563
32316
30510
11533
10200
24000
32316
10119
32316
14839
27400
22111
15019
22103
15021
11200
11231
15110
14101
14903
14900
15114
14912
22036
14844
24011
14844
14844
24010
22008
23110
22000
15502
14080
14200
15111
14080
22001
14093
22007
14596
14072
30380
14072
22701
14093
14596
15114
23110
10140
30380
25120
23134
15242
23110
14722
23134
14201
15415
23110
23110
14722
27410
15110
14261
27002
23134
27410
27410
15110
15110
15116
15115
15115
15114
27410
30380
23110
27300
15115
23110
22190
27300
27300
22103
27002
22103
22190
27410
15110
15440
15114
22190
15110
15110
15110
14261
32143
10150
11022
11231
11305
14834
15110
22701
14715
23132
23110
15130
15101
11301
10000
11303
11303
14090
14837
22172
22008
22120
22036
22103
24102
22120
22101
22010
14916
22132
14077
20110
23112
25101
23110
23110
23120
23110
23112
23112
14750
25101
23110
20110
15235
23110
15235
24000
23112
30380
23113
25101
22500
15230
23110
21011
22111
27002
14750
24010
14750
21011
22102
22102
24010
22500
14900
30380
11500
15421
15119
15119
30175
15111
25121
22008
15110
15111
22040
14108
15110
30010
14802
30323
30380
14103
14200
14200
22601
14200
14200
15111
30701
15119
30380
14021
15114
15004
23110
23110
14101
23132
23110
15119
15119
15119
22102
24010
15130
22713
14822
34100
30380
11240
30710
15130
30335
14570
23120
30710
30710
22007
22013
22008
22013
22102
15410
15410
15410
22013
14570
22008
22008
30380
14830
32821
22103
15004
15110
15000
14814
15004
22013
14872
22130
15000
20110
15130
15000
15202
15200
23113
15114
15001
15000
15231
22172
15202
27002
21200
27410
30380
25100
22671
10136
10300
14200
14940
15114
15114
23131
23110
23132
23132
14504
14940
30380
14521
15114
30380
14201
14201
30300
22008
14402
14013
22802
15110
15110
40000
21021
14570
11300
30701
15110
33060
22111
24010
14831
22101
14831
15110
14802
14815
24010
11302
14800
14811
15004
30380
20110
20202
30380
14841
14802
24010
14870
14838
30380
33060
14871
22008
33060
33060
11141
15232
11220
14831
30161
22034
14830
11300
14802
11531
14815
14800
14860
14860
30380
22500
14802
27300
20110
20110
15021
14837
14837
25101
10422
23134
10136
14721
15200
15200
14661
30380
14861
15116
15231
15433
14710
27002
22007
27002
22036
20121
14831
22671
22007
14700
14000
14000
11500
15114
30380
15130
30634
22001
15110
14275
24101
27400
24101
25101
22102
22100
24101
22500
14222
14830
21011
21021
22102
22190
22102
22111
14222
21021
22716
22715
30231
14596
24010
14802
14815
14596
22102
22130
25120
14860
14861
14596
14802
14596
14841
30350
30380
30350
30350
22100
11054
15110
11500
11500
11304
11300
30706
31010
31010
14121
30500
30356
32917
11054
30165
30165
15110
30380
15110
14871
11233
27400
15110
11304
27000
27400
14275
15130
14209
23110
27410
11054
27002
27002
27410
15130
23132
34220
23134
27410
23110
14721
15419
15419
10116
15202
14585
14076
15130
14585
15139
15000
15130
15202
14403
15115
23134
14090
15115
15115
15115
15115
30380
14013
20110
27410
27410
22008
15115
30380
14090
14076
14091
14091
30380
14091
22013
30380
22172
22008
14091
22170
14083
15114
15114
11057
14573
14573
10310
10310
10310
10000
10310
11500
14082
27000
15110
24102
30380
14200
30380
14200
14200
14082
14082
14082
10300
15130
24101
24101
14200
15130
23134
23110
40000
11057
27410
27000
24101
10441
11301
10103
30380
15111
15000
15000
15130
10109
22701
22713
22713
22713
27410
10200
14092
27300
14121
15130
25101
27300
30380
27410
25111
27410
15110
27410
27410
22713
11303
22712
10119
10000
27410
27400
15411
25120
25101
27300
15200
25101
23132
25130
25101
10401
27410
23132
23132
23132
25101
11110
27410
23132
14720
11303
11303
27410
14750
25101
22034
22000
27410
14720
27410
15110
10117
10114
14720
24010
30380
32214
27300
11005
30323
30380
10110
14630
10119
24011
30380
22102
22130
22036
24011
21011
27400
27400
27400
27400
27400
27400
27400
27400
27400
22040
27400
30380
34220
34220
23121
23121
23110
11011
15402
30168
22820
25101
23110
15119
27200
22111
24010
15209
21400
22110
22110
30380
22172
14112
11533
10141
10141
34220
34212
34212
34220
15110
15110
11533
11221
15113
22035
22130
11303
30380
23110
22120
14846
24011
22103
15110
24101
27002
24101
30380
10000
10440
14721
23113
10141
10141
14723
10141
22101
22000
14105
15004
15004
15004
10141
10141
14091
30380
14723
14100
10130
15263
14092
15004
15004
14092
23121
23121
14091
11303
14722
14250
14722
14722
22012
15242
15249
10119
11303
27410
24101
22012
27300
22190
27300
22130
15110
11056
11056
27410
15110
22190
15130
22190
15323
27410
27240
14763
11111
11011
11022
10001
14073
10141
10141
11531
15110
30380
14820
14060
23110
23132
15110
23110
15130
23110
10310
10310
10310
30380
15202
15232
27300
30503
27100
30380
15120
30541
15120
15130
22008
11241
30634
23121
23121
23134
14064
14064
14064
14064
23121
30380
20110
14064
23120
27002
14064
23131
23131
23121
23112
23120
30380
15232
23131
23120
15231
23120
23112
23120
23110
31029
31029
23120
25012
25012
23131
30380
22071
14076
14076
23120
31017
23132
23131
23131
14033
22111
14722
30380
15200
11110
27410
30380
15200
15200
15200
15200
15200
15200
15200
15200
14521
30380
24010
15200
15200
22500
22500
25111
30380
24010
27200
14075
14141
14141
14811
30380
22101
14403
22130
14284
14284
14222
14022
11300
15130
14846
27300
22130
22008
14407
30380
14570
10119
22008
22130
14521
14407
14090
14090
22102
22103
14521
14013
27100
24011
22102
24012
22170
11231
30380
15402
22172
22102
25121
30380
22130
25111
22102
22102
22132
10000
14932
15421
25112
22111
22103
22172
25100
27300
14661
22500
11240
14900
27410
14900
23113
23112
23112
15115
15115
23110
14830
23110
14901
14901
14901
14901
14900
14900
15115
34113
14900
14836
14900
15202
14900
14901
14901
14710
15103
14061
14060
14020
14061
23110
30380
23142
14020
15202
15202
23110
22021
14011
11301
11301
22103
23110
23110
21400
23120
23110
11055
14830
11058
27300
14837
27410
30365
15232
24000
27002
36030
23110
23110
23110
23110
23110
27002
22190
23132
22190
23134
22103
23110
14931
15115
11234
23131
23110
27002
15110
23110
23110
23110
23110
23132
23134
11000
30365
15119
14843
14107
14091
10116
24010
30380
15115
10002
14064
14107
15115
30380
23110
10116
23110
24012
14300
15130
15000
23110
14092
14101
14300
14255
14255
14255
14250
14052
14032
14260
14223
30380
14822
14860
14844
25101
22021
22103
27000
25101
27000
22102
22005
22036
22008
22007
27410
22111
10000
27410
10502
22102
22007
22111
22702
27000
25101
22102
27000
22111
22102
22102
11300
15110
22030
22102
22102
22005
14844
22102
22102
22102
30323
22002
22171
22111
22035
22035
22111
22020
22020
22102
27000
27400
30380
27000
34207
34204
27400
27410
25101
30380
22103
30380
22102
27410
27410
27000
27400
27400
27410
27200
27400
30380
22000
27410
23110
27000
14409
11250
30380
15004
15004
15004
23110
15004
27000
15502
23110
15004
22021
15502
14075
23110
27000
10001
27000
25120
27000
10002
27000
15004
22600
11500
15004
11057
10002
15502
15242
23110
15004
10000
10000
11501
30380
11500
10002
11506
10435
15004
15200
23110
15120
15120
15200
15209
15120
15120
14130
27410
27300
31021
31021
14403
10141
10141
14101
14091
10133
10141
10141
14091
11111
10141
30380
14831
10141
10150
10150
10150
10116
10119
10119
14131
14132
22800
30321
27000
15120
14837
22172
14722
14722
11532
14111
11056
15121
30380
10008
23113
15200
22111
15200
23110
23120
15201
15201
22102
15110
11222
11304
30380
30304
15200
15200
14831
10150
11022
10141
10141
14222
14823
14906
24101
23120
15000
23110
22111
10000
14111
23113
14900
22008
23121
21801
15111
10116
15110
21801
14900
14900
14900
27400
27100
14076
27100
23121
22010
30010
23110
27410
22010
27410
15110
30380
15110
27410
15110
15110
27410
15110
27410
22000
20121
10116
30380
27410
27200
15111
27410
22170
22111
22111
22102
22715
30380
25120
22716
23131
22010
23132
22008
22102
27200
23132
15114
30380
27410
22170
21021
22008
14860
15110
15110
27410
14860
30380
14860
14860
14860
14860
25101
30380
27410
25111
25120
32821
14916
25120
25111
30380
27100
24010
22021
22132
30380
11521
25101
22020
25121
30380
22021
25101
27410
27000
14750
14750
30380
27100
25120
25101
30380
25120
27100
14860
14860
14860
14860
14860
27100
27410
27410
22007
27410
22021
27100
22008
14802
27100
23134
40000
10116
15110
30020
22008
15231
15404
23110
10110
20110
15231
27000
15231
25101
15230
24101
22701
30380
27100
22021
14802
27410
20110
20130
22007
20121
34204
15110
22102
30380
15110
14121
15110
15262
22102
15263
15004
15004
15110
15262
15263
23110
10300
10300
15110
11110
14276
14242
14253
15110
15110
15110
30602
15101
15101
30322
15115
30445
22008
22007
30380
27410
14531
27300
27002
22007
14211
27410
10133
10119
10119
15140
22007
15209
15110
22101
27410
14810
14838
23110
22171
14810
22013
14250
14132
14112
14091
14091
14092
14092
14091
23110
14043
14142
14200
15004
15004
15211
15004
15004
15110
14900
14091
30380
14281
15230
15231
14050
34207
14200
15004
14076
34204
14091
14900
14900
27000
30380
22008
14842
27200
27200
22021
22008
14842
11022
14091
10150
10150
15230
15202
14091
15230
14200
14200
10002
10150
30380
14043
15440
15113
14078
22008
10603
15469
10441
22036
22120
10110
11054
14014
24101
15502
14521
15116
32368
23134
22103
15230
22102
23110
22111
22100
22100
20110
15202
22102
11011
11011
24010
22111
15323
30380
14661
27300
15323
15404
15424
24010
27000
27410
10119
27400
10114
30380
23110
27000
27000
15130
27410
27300
30380
22102
30380
20130
15004
11230
30380
11230
15114
11233
23110
23110
23134
34220
34220
15140
15140
23110
23110
14203
15503
15503
11221
15402
30380
15503
15114
11221
23134
23131
15114
23110
27002
27410
27300
27410
30331
22010
14528
14844
30380
31425
31425
23110
31425
14754
14845
27000
27200
36020
15410
15410
22010
23110
23110
22170
23110
27200
15110
27200
15110
22010
11230
11241
14721
15110
11532
15139
30338
30728
30169
15114
15230
15435
30365
30231
30380
15231
27200
27000
22172
15201
22103
11500
30380
22013
24011
23110
27300
24010
27400
15110
11501
11500
30804
22102
22601
11301
22034
15200
23110
27410
23110
22103
23110
22601
22000
11110
25111
23110
25111
24011
25101
14275
34030
34240
23132
24011
34240
15110
15110
27410
27410
27000
14721
11222
14802
11022
22012
11056
15130
15201
10116
14722
14722
14076
30380
14260
15004
15004
14733
31133
15004
30380
14851
14851
15004
14260
14258
14722
14722
15231
14082
14200
14091
15114
14101
15231
30380
14054
14054
10000
14091
14091
10112
14721
15000
10150
14721
14721
10002
10002
14721
14721
22001
15000
10150
22001
22000
14721
14721
10150
10150
22520
10150
10150
14091
14091
22631
15114
10141
10141
14721
22111
14092
14091
14092
14091
30380
22601
22103
14721
22601
22007
15114
14721
11103
23110
23110
23110
24000
22702
24000
24010
24000
22034
22020
24000
30380
24000
24000
14846
24000
14846
21011
30380
22036
24000
21000
21000
24000
27000
11400
11400
24000
24000
24000
22071
30380
22007
22001
22102
24000
24000
23132
23135
23110
23120
23134
23134
11303
11303
14120
22111
22171
24100
15004
10130
10150
23134
10130
10150
23110
23110
30380
23112
14916
15402
15401
10000
10000
30380
10401
10401
24101
24102
10119
24101
10001
22034
22008
23110
15121
23110
27200
22103
22170
22172
36030
22111
22111
30380
22103
22190
36030
21801
24010
36010
15121
22120
23110
14022
14033
11502
23110
14022
11500
30380
11500
23130
22102
22008
22036
30380
22008
22132
30380
22111
22111
22102
22102
22101
14530
15120
30380
23110
14222
15231
14352
14091
23134
30380
11522
23120
14275
14076
14092
32300
10150
10150
25101
27000
27200
14121
15130
30380
22102
10150
14112
22130
22102
22171
22111
22020
22172
22130
22132
15333
22172
22034
22130
30380
22190
15333
30380
23110
14091
15320
14076
14130
14130
24000
14839
15320
14630
24000
27200
14021
30380
27410
14631
15139
15231
27000
14121
10135
10131
14108
10133
15202
14093
14090
22102
22035
14839
14074
27300
11221
14013
14013
14010
14750
15114
22010
22172
22503
22500
15200
15114
22036
22036
22503
15110
22190
15110
15110
15012
30348
15111
14860
15115
14721
14721
22172
21200
23110
15110
15110
21200
22102
14081
22190
15110
22101
22103
22036
22190
15110
27410
27410
11231
15110
22190
22036
25101
15110
25101
21200
15110
22120
22036
25101
25100
25101
15114
14721
25100
15004
15115
30161
14121
10136
14043
10119
10200
10435
15000
15000
10141
27400
14092
10136
10110
22713
14100
14084
11303
30380
11301
22712
10435
27000
10150
30000
30001
30001
10141
10150
10136
30380
30541
27000
10200
33064
11141
10152
10152
15502
22102
27200
22701
14750
22610
23121
23110
27410
27002
30380
22021
27002
22120
24010
30380
24010
11501
11501
27300
11301
11303
11300
11303
14121
21120
22101
30380
11054
14833
27410
15200
15503
27002
22601
14091
22102
30380
34225
34225
27002
30380
15503
34363
22102
27300
30380
24010
40000
40000
22172
14121
27002
30380
11200
27200
30380
27002
27200
22002
22002
27410
14843
14861
14863
27002
27300
30380
15440
24010
22102
22002
27002
27002
27002
25101
22111
22103
14091
27002
23113
30380
15116
22008
15116
15116
15116
15116
15116
15116
15116
15116
22036
23110
15130
15104
23110
15111
15110
15116
15116
15116
15116
23110
22172
22130
22008
15110
22036
22130
22001
22130
22001
15130
15120
22610
22601
23134
22821
22036
22101
15111
22172
22821
22008
25120
15120
23110
14802
15110
30380
15130
14836
14001
23120
15110
24101
22601
22110
14091
14200
10136
14200
10141
10110
30380
10141
10113
14200
14200
14092
30380
10150
10141
14094
14200
14241
14121
14121
14091
10150
10141
15202
15130
27400
15202
22036
14000
22103
22103
22172
27100
22110
22130
22130
22130
15202
27100
22110
22110
30380
11303
14107
22132
22130
14077
22130
22130
22102
22008
14107
14010
11303
14000
11500
27000
27300
22630
11500
27410
11500
14900
14281
14253
32143
11110
27300
14800
15110
27300
15000
15110
15110
25101
22001
22801
11041
23121
15110
25101
15110
14916
22102
14401
10001
14082
14033
14034
14034
15000
14750
14750
25101
24101
24101
14700
14700
14010
20202
22036
27200
14721
22716
27000
20130
20202
14860
22130
22130
14660
15114
22172
22102
20110
25101
23110
27000
23110
20130
20130
23110
27000
23132
22034
22002
22008
23120
22035
23110
14079
10141
23120
15104
14721
22030
15004
15004
15004
23110
14732
14723
30380
14052
22020
22111
22102
22102
15402
22103
22111
22100
22101
24101
22172
23110
27410
27300
27000
40000
15410
11521
27000
27410
25120
11300
23134
14594
15110
14022
30380
14011
14090
14090
15130
23131
23131
27000
23110
23134
23110
23110
23110
15130
14721
14083
10131
14133
14133
14077
27410
25101
27200
30448
27000
14040
30380
14216
11300
14202
11521
14060
14202
22120
14072
14050
27000
14000
15130
27100
27410
14090
14090
10131
10132
14409
14072
25101
27410
33060
11521
27200
14407
27000
22000
27000
15113
14090
14207
15200
22111
15110
22103
22001
14052
22021
22012
11303
11300
15605
22111
25012
22103
22036
22716
22103
30380
15200
22103
22111
22008
15110
22021
22601
24101
15110
15200
27400
27410
27410
27400
22101
22102
27410
27300
22102
22111
22850
22036
27300
22120
25111
27300
22120
22130
22172
22716
14010
27000
22714
27300
22008
27300
23132
22821
22821
14022
15231
15401
23134
27300
25120
27000
40000
25120
25120
27000
25120
27000
27000
25120
25120
27000
27000
25150
20121
15242
14722
27300
25111
25111
27000
27200
27000
27000
27200
27000
27000
25111
27300
14091
22008
15114
30380
15000
22604
14209
15000
23110
11302
14409
11304
30380
15115
10141
10141
10141
14112
22007
14112
22021
15130
22021
22021
15114
14112
27002
27410
27410
22511
27300
22013
22000
22034
22040
27300
27300
22111
15200
22102
27300
22713
32030
22712
25111
27410
10141
10130
22021
22021
22008
22034
27000
10141
10141
27000
14050
14050
10119
10440
10440
22710
15111
30380
22007
15130
14130
14090
10150
10150
22013
30380
14201
30380
14076
10131
22102
24010
22102
23171
22102
22172
30380
10119
32325
15139
22500
24220
30380
14585
14583
14721
14721
15339
15402
23110
15261
15469
24010
15110
22500
15200
27201
27410
22036
30380
22002
30380
22034
14812
30380
22103
22111
22103
22102
22102
30332
22103
11022
20130
22170
22172
27002
20103
25101
30380
27300
27410
24010
22100
21021
14750
22132
22172
25120
22172
22008
22102
22100
14841
15402
15323
15430
30380
22103
11056
11056
14111
14770
14540
14812
22001
15303
30380
14034
14200
10151
10151
14252
15433
14077
10117
14013
30380
15004
15004
15130
15130
22702
22701
22008
15110
22008
22021
22000
22001
23113
22008
22040
15000
15004
15004
23113
15230
23113
23113
24010
23131
15114
22036
14800
14800
14822
22631
14815
22500
14822
22631
15119
27100
22008
24012
24012
22034
22036
15004
23132
15232
15004
20110
24010
22500
15110
22102
23132
22111
23132
22500
22008
22102
22102
22100
22500
27100
30334
30336
22005
15110
30380
14401
15110
21801
15110
30380
15110
23110
15115
22102
15004
22020
22102
15231
15004
27200
22130
22130
25120
15402
15019
27410
15115
27000
22120
27200
23110
15402
27200
27410
15231
22021
15115
23131
15004
23110
23110
15502
22021
15139
27200
27200
15004
15231
15130
15433
15004
14101
15115
15231
23110
10200
10152
10152
14771
15502
15321
14837
22034
14052
30380
14820
14836
15130
15116
14843
15116
10150
14843
14860
14860
15502
14840
14843
30380
14860
14840
15111
14841
14092
14050
22701
22701
15116
10137
14860
14860
14750
22701
30380
32416
15502
15502
14916
15110
14917
22701
15110
14839
10000
10008
15130
15111
10140
14722
15232
10140
10140
15232
15231
15202
15231
14722
15231
14800
14813
27300
22001
22032
22710
23110
23112
27300
14813
14822
23110
23110
23134
25111
14813
27100
11056
14822
14813
14860
14815
23121
11300
11022
22103
22101
25120
25120
22800
22701
14366
22013
30380
27400
14860
14811
22034
14860
23120
22034
15250
32323
30380
14105
15114
15115
14405
27200
15451
15202
14405
15115
23110
11200
15004
15004
15004
15004
15115
15004
15110
10132
30380
15004
11533
27200
15115
11533
11533
11533
23110
15115
15115
27200
15110
27000
15115
15115
14234
15004
15004
14241
15130
22130
14810
23171
15110
15232
11110
14091
27000
14070
11303
15110
14000
14082
15004
15230
27200
14636
14636
14090
14033
14209
10116
15110
27300
27000
23110
27410
25101
27300
27410
10201
14076
27400
30380
15115
27410
14015
14015
14015
27300
15200
21000
27300
27200
23132
30380
10401
27000
22701
10140
23120
23121
27410
23134
23132
27200
14733
23134
23121
23110
27410
23121
15230
23121
15409
23121
15230
27410
22102
22120
22701
22102
23110
23121
10119
10116
24010
10141
10119
21200
15250
22102
11011
11205
11232
11205
10141
11501
10130
10135
10135
10135
11501
15111
15209
24010
15110
15119
14650
15115
23121
14721
14906
30380
14650
11008
14830
14831
15115
14750
14750
14906
11004
11004
11004
11230
23110
23134
23134
14750
30380
14750
14650
14750
21400
15115
14130
30380
14130
14130
11533
23110
22713
23110
24010
23110
22101
22111
14831
14000
15116
22130
22180
22034
24010
24010
15230
22190
22010
22500
15250
15012
22034
22001
22021
15110
22008
15250
15200
22500
22021
11400
22036
23110
27000
23130
30380
23110
23110
23130
22036
10200
10411
15104
14130
24010
22001
30380
30321
14853
14853
14853
14853
30514
14853
30351
14853
11220
11220
11044
22701
11111
15115
30380
30380
30011
15004
14020
15231
15231
14530
22190
22120
22102
10435
10435
10435
22701
15240
23110
22008
15242
30380
23110
25005
27002
22701
22520
22008
21021
27002
22500
22500
14860
14860
22671
22671
23110
23110
14133
14081
14203
22032
24102
24100
15104
15110
22100
24010
22190
15202
22180
22111
11056
27300
11056
11056
30380
22111
11302
11057
11300
10114
27410
27000
15200
11056
11533
11533
11533
22007
11533
11110
24101
15110
11300
11303
27300
11056
11056
11304
22036
10141
14083
14223
10116
22040
30380
10116
22120
27400
22172
22034
24000
24000
22120
23134
14834
23134
14834
14835
11300
10119
22034
23120
24401
27410
32917
14090
10119
22020
15130
31042
24010
15110
24010
15115
14860
27410
11221
11112
11221
20012
27300
30321
15343
22120
27240
30710
15410
30321
14933
14932
22120
30380
22103
22172
14281
22102
14835
22111
22008
14836
10119
22170
14203
10000
14280
14860
11221
11233
11303
14112
10150
10150
10132
14121
30380
22008
14112
30380
30444
10141
10152
30380
22008
15605
15110
15110
11532
22036
30231
11056
11533
11533
11052
11056
30803
30380
10141
22713
24100
24010
27400
22103
30380
22830
14043
14105
14721
14932
11501
11501
11231
11501
11501
11501
14261
14105
14721
14260
14260
14261
27002
23113
14721
14721
15202
15115
23110
11303
11303
15115
15115
11501
11501
30380
11501
11501
27410
27410
27400
14777
10440
30380
23110
14050
14052
10200
10200
23131
25005
10201
14090
10201
10201
11011
14405
14052
14052
14052
10201
14630
14243
14013
14052
15110
14142
27200
22036
14076
11522
15115
14082
15115
27400
10401
23110
22021
15114
15114
14243
14243
14400
10141
30380
10150
10150
10150
27410
27000
27410
15114
10150
10150
10150
10141
10119
10401
22008
22001
22036
27200
25120
15110
30380
15110
15110
30551
15110
27200
30380
14721
23110
15240
23110
15240
15240
15240
15240
15240
23110
14092
27410
27410
15110
27410
15119
23110
14407
30380
27400
27410
10441
10441
15119
15119
10441
10441
27400
27400
15110
30500
27410
14905
10300
14901
14901
14900
27410
14917
22671
22008
22008
22671
22671
10116
22034
22671
14594
22001
14580
30380
10201
10150
10110
10201
10300
15119
15119
15119
15119
20121
14900
10201
22830
22830
22830
10110
10110
14901
14901
10201
30380
20121
10141
10141
10141
10141
10201
22850
22850
22850
22850
22850
14903
10201
10201
10201
27300
14802
14812
27410
10300
27410
10300
10300
27000
30380
10201
10201
11022
10201
10201
10119
23110
14839
15110
24011
15130
27000
23110
30380
14837
15402
14560
22030
27000
22610
14281
15242
27000
14043
30380
15000
30380
11056
23132
23110
23132
27410
27000
27410
27300
27300
27000
27300
27300
27000
27000
27300
27000
27000
27000
27300
27000
14911
30515
30514
30510
14860
14872
14831
14911
14850
14850
14850
14930
14860
15433
14750
22631
10410
22032
36030
22111
11022
14082
14082
22111
27400
21200
27000
27300
27200
22102
27400
22716
27300
11220
27240
11500
25120
14750
27100
23150
11500
11220
11056
15110
24101
25120
30380
15110
24010
22102
22130
25120
15119
24010
24010
14710
11057
22021
15115
30167
30314
15110
11058
10109
15111
15111
15111
22021
15115
15115
10109
15201
14112
14111
15139
11222
11305
10000
30380
10421
10421
10421
10102
10421
10101
23110
23110
10421
27201
15320
15232
27300
15202
15202
23113
22020
15202
15202
15232
15110
27201
14630
23113
15232
15320
15232
15130
27300
25101
25120
27000
27000
27410
15110
27410
27000
25120
15110
27000
15110
25101
15110
27200
22601
22630
27300
22600
15110
22008
31004
22008
22034
22004
23110
23110
23110
22034
23132
27000
27300
27000
11240
23132
25101
25130
27300
15110
25101
27410
15110
27000
14811
22036
11500
30822
14812
11500
27000
27200
27200
30330
23132
30360
23110
15110
15110
23110
10201
10119
10119
10116
10116
10201
30166
10135
10112
30602
15130
15202
10116
10116
10116
10116
14043
14084
14043
14084
14504
15219
15219
14084
14140
10119
14091
14091
15130
15149
14050
22500
10151
14300
22036
15110
15110
15110
14300
15110
31024
15131
14300
31003
15110
14054
10151
10151
15111
10141
14092
10141
11110
27410
11110
11114
30380
22170
22172
24010
22020
22130
22102
22171
22036
25121
30380
22111
22110
22102
22100
22013
10141
22111
22130
22130
22170
22172
22021
22102
30380
22130
15139
30165
22001
30166
23113
23113
23113
14594
22130
14594
15605
30380
22190
15231
15231
27100
20130
14812
14710
22103
14845
22001
22007
23110
15110
14822
27410
15110
30634
22013
22102
25110
11531
22008
23134
11300
22008
30380
22111
24010
14900
14900
14916
23132
30380
23110
14130
20121
27002
27300
27300
24010
10140
10140
22120
14832
22130
20103
14720
14720
10300
23110
20202
20121
23131
15130
14635
14280
14092
14092
15110
21801
22701
15019
14833
11504
23120
14091
20121
14100
15130
22021
14900
14900
22830
14092
14900
22008
14900
11531
14721
14092
11500
11500
14721
22630
22621
22013
11531
11531
11522
11502
11502
14092
14090
22604
11500
11500
14860
14860
14140
14140
15115
15605
15115
10119
10141
10116
22020
34304
11522
34304
34304
34513
34513
34513
34513
34304
11522
34511
34511
30380
14270
27000
34511
34513
27240
22603
14873
15202
40000
31012
31022
22010
14232
14632
14636
14594
23132
14241
31024
10141
10141
14073
14054
23142
22171
25101
27002
30161
27002
11112
27200
22020
31029
23132
27200
27200
25101
22712
30514
11240
27400
27410
10422
10401
22603
22103
22036
22500
22130
25120
10112
10141
10141
15149
10132
15131
15202
22036
14830
30380
10119
10119
22716
14905
22631
24000
22101
22101
14275
22010
22102
14754
14754
22500
14830
14916
14916
14905
14905
14905
14750
14750
14750
14750
21801
14826
14847
31302
31137
31135
14661
24000
22010
15110
15110
15110
22101
22601
22120
10119
15209
30634
21110
24000
15200
15200
15200
34641
22101
24000
21012
22102
22034
27410
22034
14407
25121
22001
24012
22036
14928
14802
24010
22130
24012
24012
22130
14010
22120
14944
14833
14750
22102
27002
22102
22103
22631
20121
22500
22102
22002
15110
15202
15110
15502
14060
14060
15202
15230
25111
25111
25111
24101
23110
14732
22036
14732
14593
15202
14596
25120
23110
24000
22120
22190
22120
14722
25111
24010
14926
15343
27300
24000
22120
10150
14834
14834
14835
10001
22103
30380
27000
23120
23113
27410
27000
25101
22021
24101
10150
22111
10002
10454
14845
30380
22000
10008
22103
22020
23110
23110
25120
30380
24012
27200
25120
14754
14836
14860
14754
24010
22008
27200
25111
15115
15115
14200
22102
22102
14900
14812
24000
11501
11501
24030
14900
22001
15115
24000
24000
24030
34225
34225
34225
34225
34225
34225
15115
15110
15115
15115
23110
23121
21000
27410
27410
25120
21011
22716
22716
27410
24000
23110
27410
24010
24000
27410
27410
30522
22631
24010
21011
24000
15110
27410
27410
25111
11110
11110
11110
11057
10502
30380
10150
10002
14131
27400
27002
27002
27002
22040
22013
14130
22710
14131
14075
15110
14593
27002
15149
27000
27200
27002
14092
22103
15306
30380
14100
27002
14100
22172
15306
24011
15149
22034
14513
14091
22120
10002
22034
22130
27200
14593
14075
25111
23110
15110
15110
10113
15202
15110
30380
15202
22034
30365
22120
22711
22713
21801
22008
31003
22020
22035
22710
22710
22008
23121
27200
14034
14200
14100
22030
22013
10141
27300
10151
23110
23110
21110
10201
11533
10201
14132
22071
14513
14504
30420
14513
14513
21110
11533
11533
11531
14132
31017
31133
23131
15242
10150
23110
11533
15242
10152
10151
10201
10201
15202
23110
27410
27410
23131
14132
22034
15202
27000
11511
11511
14076
14340
15000
15604
15604
23133
23133
15000
14340
14061
14061
14073
14061
23132
10110
10110
10201
15110
14054
14076
14013
15119
15119
22711
14222
22030
30380
10119
22007
22701
22710
22711
22701
15410
15410
14834
14300
10300
14834
14834
14834
14834
14834
14834
14834
14100
14834
14770
11300
10000
14300
10000
11502
10141
30380
15115
15115
22830
14710
22000
22101
22111
22001
22102
34225
22000
15110
22102
22008
15110
22102
15110
22860
14710
22111
22111
23120
23132
23120
14722
10201
14710
22101
22601
14723
14722
10201
10201
15242
14002
11054
22710
15000
15110
15000
14015
22172
22172
22701
22008
14710
22601
14010
22701
22600
22001
22172
30323
22000
22120
22180
21400
14020
30321
22180
22130
22103
22111
23110
14916
14916
14811
14644
14916
23134
25121
22032
23110
14802
14082
14130
14082
14082
14082
14015
14820
11300
14710
11022
14822
15209
22021
15242
23110
15209
15110
15110
14822
14801
14822
10110
14073
10141
15114
10141
23132
23132
22040
15115
14121
11532
15000
10132
10130
11056
11532
25101
25101
22190
22500
22001
27200
25101
25101
27400
22701
27000
25130
22036
15240
25101
25101
22800
22036
11301
24010
14870
14800
14822
10000
22001
14010
14010
10130
22000
15130
23132
10130
23132
27000
27000
25111
23132
23132
25101
27300
25101
25130
27000
27000
27000
27000
25120
22172
22100
24010
22036
22601
27300
27000
14121
10130
25120
25101
10141
22008
22034
10132
22102
27000
27000
25101
25101
27300
15130
27300
22100
22802
22008
14091
22008
15110
15115
30380
14091
22008
22008
14091
15119
14200
15119
22008
23110
14873
27000
15410
22714
15004
14020
14083
14082
22714
14082
14082
22103
14837
27400
22008
22101
22007
22040
23110
23110
23113
22172
30380
30380
23110
14812
10435
10435
14812
22008
10114
14013
10114
25150
10141
14130
22020
23134
15130
30380
10114
10119
10119
22013
23131
22008
25100
14094
34831
14141
15130
10119
31425
10116
10110
14091
22036
22101
15110
22111
30380
15605
15111
14862
30321
22620
22630
14515
11500
11500
11504
11022
30320
22007
22040
10435
11504
15130
30380
22902
22102
11500
11500
11501
11501
14651
14814
22171
15232
22830
23110
27002
22101
22701
25101
20103
23110
24101
10000
27000
22036
14873
27400
22008
22103
27410
27300
25120
15130
27300
22102
30341
14753
14560
15130
14802
24010
22103
22103
22013
23110
15232
30380
27300
15139
22170
27300
14092
10141
30444
22002
15130
22102
22102
22103
30380
15130
22500
27300
23110
22170
27410
23110
22111
22711
27410
27410
22172
22511
14080
22500
24101
14010
14010
24010
14863
14861
22020
22020
22020
24101
30380
22020
24011
22008
32628
32628
22101
10401
22111
22102
22102
24010
30380
23110
10300
30380
11532
22600
22002
22102
14722
15242
30380
23110
22102
14811
14870
23110
27002
10420
10420
10420
11540
10420
10420
30380
10420
30503
11303
22012
22102
22103
11303
30380
11540
22013
34203
34203
10401
10401
27300
10300
10300
27200
25150
10300
30380
10300
15231
15231
27300
27240
11301
22503
40000
20130
22130
22716
22111
23110
27300
22032
27300
22170
15605
14010
14010
22716
22111
15119
14010
14010
14863
14943
14013
14013
15110
11400
15230
10140
10140
14083
14083
14300
30380
15000
14594
22008
22008
14834
14835
14054
15104
22600
14834
30308
14530
14594
14594
14594
14863
30380
14021
14020
11241
14020
23132
34106
15000
14257
14403
14300
14200
14837
15110
14022
15120
14275
14130
14300
11011
22600
22600
22021
22008
22013
22034
20110
14721
25111
27000
14722
14092
14092
10002
10137
14101
30380
14080
14112
30380
10116
10116
22671
14721
14722
14092
14020
14064
14070
14844
14844
15149
10002
10150
10002
22021
10002
10109
10119
15111
15219
15231
15231
15115
14722
30380
14091
14091
14091
14091
23110
14073
14130
14092
15469
14080
14865
23131
14203
10141
14722
14020
14521
14722
15115
14721
14842
14839
14842
14842
14802
14802
24403
30380
14815
14860
15130
22603
27200
27240
30380
15110
15130
22021
15130
27410
14091
14300
14091
15110
14080
14144
14142
14091
14051
10116
10002
10135
10135
14052
10002
10002
10002
10116
15502
10116
14054
14054
10116
14092
14080
14081
14100
30380
14054
15115
15235
14092
15235
15115
14073
11533
10454
15104
15110
15104
15104
15101
15605
15131
15115
15402
15419
15131
15115
15209
11300
14132
15115
14132
15115
14092
14010
15402
14222
14846
15115
14275
14275
11301
30320
14271
14271
14271
15419
15104
15231
15232
14513
15232
15115
14721
14233
15115
14845
15111
23110
15115
15120
15139
14833
14275
14861
15130
30365
15131
15131
15131
14271
15110
22001
22102
15110
15115
15502
15130
15131
15131
14010
15502
23110
15110
15115
30380
14750
15115
11304
14552
11300
11230
15115
15115
11304
15115
14812
11300
11300
14130
14661
22111
22034
15502
11300
14013
14723
11054
15119
30380
15231
15232
22008
24010
15104
21021
14013
15115
15115
14130
22610
14596
11300
14750
15130
11300
14860
15130
15502
15115
14101
14861
14861
15115
22701
22830
22190
30380
15114
22190
15110
10201
22101
22830
30380
22013
30323
27410
21801
27002
11502
22501
30380
22830
23132
22190
11301
27410
22900
22610
30380
23132
22671
30393
11221
24010
22012
30380
22671
11221
14842
30172
15120
32143
30804
11002
15110
30380
14833
32143
24010
15120
30321
30321
30321
30380
33018
15010
11221
11221
11221
27400
15010
15010
30380
30380
15149
10141
10141
10141
10141
10141
15140
15149
15110
15110
15131
15131
15131
15139
15139
15139
15110
15149
15120
10141
10141
10141
15149
10141
10141
10141
24011
10141
10141
22120
22101
10141
22603
10141
10141
30380
11501
11508
11501
11221
11221
22715
30320
14032
22036
14021
22715
14034
11531
11531
15231
14032
30380
14661
22714
22714
14070
14513
22716
15242
23120
14513
22714
14033
14033
22715
14031
15230
15115
30380
22103
14034
14021
15115
15115
15115
14513
14596
14513
14863
22170
15115
30380
23120
22102
14815
27100
27100
27100
14101
10150
14101
14835
14835
10119
14100
14100
14101
22102
22036
22034
27410
15114
27000
15110
15119
10112
30380
33016
10113
15110
15110
15110
10119
22021
22500
23110
14100
15230
27400
14145
10141
30380
10141
10141
15110
10141
27400
25110
27400
15104
14906
30380
22008
22172
10141
27400
30380
22130
22102
30380
22172
22130
22172
22008
15010
11004
14583
30380
30514
30514
15241
15130
15200
23110
14081
15459
34101
15502
15502
15502
24011
15502
30351
11231
25130
22001
22102
23110
22120
22111
22190
22036
25120
30380
22036
25111
25101
22001
22008
22120
22102
22001
25121
22034
22008
14076
25101
25101
11301
11301
14932
27200
27000
14839
14723
14835
14723
30380
14723
14723
14721
14723
14723
14830
14010
14260
14258
14258
14258
27400
14064
27400
30380
15114
15242
27400
10141
27400
27400
27300
27300
27400
27400
10141
27400
11222
11240
11301
11231
11057
11233
11305
11057
14060
15130
30380
23134
30380
15115
23132
15111
22012
14101
10300
14052
14080
14092
14130
14054
14082
14270
14200
14090
10300
15004
14250
10141
23132
14630
11400
14131
10150
10150
11532
10300
10300
30380
10140
10140
10008
10008
11141
11303
31028
15405
11115
15202
14079
27000
15202
14209
15202
11220
11220
14033
14845
30380
11115
14200
14834
22120
27300
14835
14750
14835
14834
14834
14834
11300
22130
15415
14932
14101
14900
14900
14900
14900
22170
15404
24000
24000
24000
24010
15604
15200
30512
14351
30514
14351
14900
22130
15410
25121
22103
14834
27300
15503
30380
22120
22102
15502
14900
31001
14860
22111
30321
24000
24000
24000
25111
24000
10300
10309
15502
14834
27400
14834
15502
15503
27410
14661
27100
22171
27300
27300
30380
24010
30380
22171
27410
14831
30380
34204
27000
22102
24010
27000
25120
24010
10300
14900
14900
14831
30380
14900
14900
15503
25101
27240
27240
10300
27000
27000
10300
14833
14844
14830
14705
14820
22000
30380
15404
30380
15502
22130
30380
10312
10312
20012
10310
10310
10310
15241
23110
15241
34053
15459
15110
15202
27002
30380
32325
10421
14132
14082
22120
15115
15104
14034
10300
10119
36010
15115
30380
27410
14812
14100
14100
14076
14132
14132
14050
10132
15243
10111
10111
22120
22120
22008
22008
22008
24000
24011
14130
14092
30380
30380
14830
14260
23110
27300
23110
30634
23110
15110
22030
11300
20110
27002
22601
23110
25112
14083
14200
30380
14091
14091
23110
15004
22034
15004
15000
22102
15139
22001
22120
22012
22101
22036
15502
22008
22172
22172
22120
22130
22013
22102
25100
22172
22172
22130
22601
22102
22103
22601
22102
22130
22130
22101
22130
22130
27000
27000
21801
22034
22013
23110
27400
23110
22701
15113
27400
15130
27410
23110
27400
15110
15110
23110
23110
15115
15115
14130
23110
15130
15110
23110
27200
27400
27410
15130
23110
10008
10008
10008
10008
10008
10008
22716
10116
24012
22110
22130
14834
14835
27000
22900
27300
27300
14835
30380
14846
22631
22120
10136
22008
22111
11120
30380
22034
22020
22110
22101
27300
27000
22111
24030
27002
22120
22102
20012
27300
22111
14721
22103
32012
30380
22036
27100
27100
30380
15004
22012
27300
15004
22034
14842
30304
22500
15202
30380
15115
22100
27000
30380
27002
27002
27002
27410
27410
14091
14552
23131
14091
27410
23113
14552
30380
23113
15102
23110
27410
23113
30304
23113
27410
27410
22111
22102
22102
10119
10119
22172
22102
11501
27000
23113
11501
15200
27000
23110
27000
11501
11500
11500
27000
15104
27002
15200
15019
27000
15019
27400
14209
14209
34121
14222
30006
24012
24012
10109
10201
10201
10201
30380
10201
15200
24012
22130
14580
22830
22170
30380
30380
24100
15303
15303
22001
15200
10119
14092
14064
23134
14052
14034
11230
14723
14140
14082
23132
22715
21200
27410
27410
23110
22715
14802
23110
14092
15119
14082
15340
11501
11501
14723
14130
15200
15115
11501
11501
23113
30380
14082
14082
15103
15242
14091
14076
14090
24100
15411
14203
14723
14130
14079
14092
11241
11303
11300
11231
11502
14076
11500
14132
14580
14203
14300
11500
14091
14723
11500
14580
15110
15130
14203
14041
14000
14596
14203
14091
14863
14076
14130
14092
14091
14132
14041
14870
14076
14064
14275
23113
14203
14823
27000
25101
25101
27000
27000
25101
11413
27000
27000
25111
25101
27000
10300
10300
27000
27000
27000
27000
27000
27410
27000
27000
22071
15219
10502
25120
27000
27410
27200
27000
24010
27410
30380
15115
15502
22071
27000
27000
25111
27000
27000
27000
14281
15202
14722
27000
27000
25120
14722
27000
27410
27300
27410
15202
27000
10141
27000
10502
27000
27000
27410
27000
27000
25111
27000
27410
25111
22102
22120
22701
30380
22130
24101
22130
22007
30701
27400
27400
27410
14111
15110
15110
15343
15200
27002
27002
27000
22013
22008
11210
25120
27400
11500
14925
14924
14284
14043
15104
23121
10110
23110
22034
27400
14284
14020
14203
14653
30380
14015
27300
15115
15232
15232
22870
27300
22870
22870
22711
14130
14130
15130
27002
23110
27002
14820
14815
22870
23134
23134
14721
27000
27000
27100
27100
23113
14130
15119
27200
27200
22701
10114
27410
15119
23132
14633
23110
23110
23110
23110
23110
15211
25121
15200
15211
27410
27000
14630
23110
23110
23110
23110
27002
24010
15110
15605
10141
10119
24220
24010
24010
24101
24101
14082
15605
14261
27000
14844
14525
14826
14240
34220
23134
24101
14847
23113
14231
14142
14083
10008
24102
10119
27300
14846
23132
14830
14142
15110
23113
15130
24102
15110
23132
23110
24101
24101
23110
24012
23110
24112
27410
27410
30170
30166
22110
22111
27000
30124
30124
25101
25101
15605
14720
14931
22111
23110
22001
22012
22012
23134
22701
14828
10150
14800
22701
20103
14750
22702
14010
15603
15605
30380
22702
30321
22511
30321
22001
30380
22001
23132
14828
11300
14701
14310
14774
14770
27200
22001
27300
30380
25120
22600
30380
14851
10141
10141
15211
15201
15211
15111
15211
14082
14082
14741
15412
10150
14020
10141
14076
27410
30380
11533
11533
11533
14076
14010
11241
14012
27000
14070
11104
22671
30451
22671
22671
27200
27200
10141
27300
27000
27000
24100
14034
15110
14112
31425
15110
14120
14802
15433
15433
14840
30380
10137
24220
24403
23131
27400
27400
27400
14843
14843
22111
27002
24000
22120
14831
27300
27300
24030
21012
22111
14826
30380
22103
22111
24101
23120
14843
22111
30380
14836
14845
15130
24403
24401
24400
15130
22008
14593
14593
15119
15119
27300
22120
27300
24012
22103
15402
15402
15110
22103
27300
30380
22000
15110
27300
22101
22103
22103
21021
22130
15110
22102
15130
23132
22008
22630
22100
22630
21011
25121
15114
15114
25120
25101
27300
14250
21021
21120
22103
22102
22610
22851
22851
22851
11056
22020
22103
15230
11046
11056
21021
15110
11521
34135
22102
15114
14111
15114
27200
27000
24010
10201
27410
10201
27000
15110
22021
30380
22001
22001
22021
27200
22036
14802
10201
14860
23121
10116
10116
23134
30380
23134
23134
23134
15130
10001
22713
22702
15130
30380
14342
14000
14943
14943
14342
27200
30380
14060
14000
27300
14310
30380
14092
14242
14054
14140
32316
14140
32352
27410
15502
27300
15110
22701
14531
24010
14541
15200
15240
22111
27000
27000
22102
30446
14837
15101
27002
22111
22132
22170
22036
22101
22172
22102
21400
22102
30380
22101
11531
22171
32416
30380
15110
22103
22103
32325
15111
15111
21400
22172
14072
14533
15110
15111
15111
14753
27200
22021
22111
23110
10136
22103
23110
23110
22120
22172
22036
14834
14834
14835
10141
23110
10141
14082
14723
15022
14082
23112
14723
15200
15604
14812
15110
11300
11110
14860
14860
22036
14956
15110
15022
14831
22000
14403
15231
15231
15231
27000
21801
27410
15202
14403
22172
27300
25012
22190
15012
27300
22007
30380
24012
23110
30380
23132
14847
15110
14847
14847
14840
22130
14861
23132
22172
27300
22190
27300
30380
14860
27300
23110
24010
25012
23110
27300
27300
11010
27300
23132
24011
15111
27300
27300
23110
25012
22010
14014
27300
22500
27300
15202
23110
23132
22500
27300
23113
27300
23110
23110
27300
25012
23110
30380
22111
22012
27400
22007
14593
22041
22010
14082
14081
15219
10141
22013
14630
14720
14633
14630
22000
23110
10141
11502
11500
14723
15114
23110
24010
14860
14090
22008
20110
22036
30380
22500
22010
11500
30380
15110
14860
15114
14822
15114
22036
15114
15114
23132
15110
30380
15114
22036
14630
14860
30380
22111
15110
31021
14932
22171
15114
15110
23120
22008
27002
22103
23121
22036
15004
15263
15263
15004
15004
15120
15202
11531
25121
15120
34250
22160
14900
30380
15115
15605
27300
25120
22111
22713
22630
14721
22630
30161
30351
30126
30126
14401
30126
22160
30126
30356
14860
32416
23110
32316
23113
33007
24101
22020
15419
14900
27400
22160
30380
14846
15230
10201
27410
30348
14846
14846
30348
14900
22701
27002
21012
22701
14092
30120
15115
22631
23110
14701
14750
15004
30380
22120
15230
15115
14750
15415
22130
22103
15419
14834
14834
22130
22130
30380
22111
22190
24000
24000
14835
24000
22103
24011
15004
14079
23110
22021
14770
30380
15130
15130
15110
27000
25120
14830
14401
25111
32325
22032
22036
14814
14814
23110
11511
11511
14590
23110
23110
23110
23110
15605
22036
15115
23110
22008
25101
15114
27002
23112
23110
11511
23110
22008
14403
22020
14120
14021
14120
22701
14072
14120
30380
14404
14409
14404
15263
15263
15263
30161
27200
24010
30355
27300
25101
24011
25101
15202
15202
30380
27200
32314
22601
22630
32322
22013
15202
24101
23131
30323
11511
27002
15119
11511
14082
27002
14083
30380
10000
15119
14050
11511
14846
14846
15110
14082
11304
14092
10151
10151
30380
10152
15119
11303
10152
23110
14090
14075
10152
14092
11303
11300
14802
15110
14720
27400
27400
11400
15110
34241
10150
14079
14032
14033
22170
24010
22036
22001
15110
22131
22101
22131
22130
22020
14630
30380
15115
22131
24010
22130
22172
22103
22131
15104
22102
15115
22130
25121
14710
14031
22601
23110
23132
23132
23134
30380
15115
15115
22600
23110
22111
22100
14721
22111
22008
25120
10131
15112
22100
27300
22120
15343
23110
22500
15343
23131
24010
22101
22111
22004
27300
15263
15149
22100
25120
15115
22500
24010
22020
24010
23110
22020
15112
23110
22020
14130
22600
23131
22601
24010
11230
22040
22701
11221
11221
30124
22631
30380
22001
22007
27002
15110
22102
10141
22000
25100
14010
27002
22102
14820
11300
22102
15113
25121
11230
22500
22102
21001
22102
10435
10100
22007
15110
30171
22500
25120
25120
25120
23110
25120
23113
14010
14010
25120
30313
25100
14010
27410
30313
25120
27002
25120
25120
40000
22111
14721
10135
30161
30161
10135
10135
10135
10135
22190
22103
22103
14906
14906
22012
15410
15411
23134
22111
22111
23132
23110
23132
22103
23132
25005
22130
22102
27410
27002
25101
22100
22101
25101
23110
23110
14842
14842
14721
14721
31031
22013
14842
14081
15114
15114
15202
23110
14900
14900
14900
27410
27000
27410
23120
27410
31425
14352
14613
31425
14873
30380
14813
23110
22601
22601
22702
23110
23110
14800
14860
14860
14860
14860
14815
27000
22800
22802
14000
14750
34051
14750
11533
34051
34051
22830
11533
11533
30380
11533
14811
14800
30380
22010
14813
22701
22713
14015
14202
14943
30380
14202
22170
11522
14831
11522
14750
14750
22603
22102
14844
22002
22101
22036
14844
14916
24010
15113
30380
14091
14091
14515
11532
11250
15110
22172
22102
27002
27002
40000
11300
11300
22130
23121
22036
23112
22180
30700
30700
30700
30700
30700
30352
30336
30353
30700
30634
30634
30348
30348
30356
30330
30723
30700
30700
30700
30727
30727
30334
30333
30334
30514
22180
30727
22160
30700
30334
11110
40000
22172
22102
22172
22100
14002
14054
24012
14054
14633
10141
15104
14570
14841
21400
27000
11020
30380
22008
15415
11304
11201
15102
14850
22020
15115
24011
30380
30380
23110
22036
15419
22012
14080
30380
30361
14723
15115
15004
14830
14231
14830
14207
24000
30380
14013
15200
23132
14760
22500
10501
14900
14200
14250
11220
22111
30380
15115
27300
27002
27002
14082
14082
11220
11220
15140
15140
15130
30380
15502
15119
22101
22111
30504
30380
30504
22102
22120
27300
22120
27300
22103
14831
15130
22101
22102
22101
22103
30335
33060
30380
33060
33060
11521
33060
34240
34240
34212
34121
10440
22711
22120
22013
22130
22120
23120
23120
23120
22714
23132
14834
14835
24000
24010
10000
10000
23110
23132
27400
10000
15130
22110
22130
22111
23110
15139
10309
15401
22130
10141
22036
23110
22172
22001
22500
22130
11502
22500
15115
23132
15115
15110
27300
27300
14596
24010
14835
15320
27300
14596
15402
15110
10135
15130
10000
10000
15339
15231
14132
32403
10141
32416
14100
31021
30040
10201
30380
14243
14833
22008
14140
32203
14077
30634
22500
15230
24000
10119
23110
14261
25100
27002
22102
23110
22111
23110
15110
22103
22101
22171
11110
23132
15110
23110
22100
22101
15110
15110
22103
34621
22111
11057
22111
20110
20101
22102
30821
30380
22800
30822
22008
14140
14822
11500
11531
11500
34511
11531
30380
11231
22110
22021
22001
22008
22000
23110
10117
23110
22802
22040
22870
22631
14092
15449
22700
22001
22110
22040
14540
14092
22701
22701
22701
14844
14912
14906
14906
14906
20121
24100
20121
20121
22101
20121
22001
14900
27410
14900
10141
27300
27300
23110
25111
22103
24000
27400
14754
32416
15202
15202
30380
14260
11533
15232
15231
14091
11533
10132
10141
10141
22007
14284
22102
22701
15110
15111
22111
22111
15110
15110
22111
22131
22102
22111
22100
20121
22007
21200
30380
15110
15110
22001
15110
15110
30380
21021
22102
15110
15110
21021
22120
22036
23110
22103
27030
22172
14401
27002
27002
25120
22101
22103
27002
27000
24101
27002
15110
27002
27000
27002
25120
25120
22102
15110
22102
25120
25120
22103
30380
24010
27410
22034
22103
22102
22036
14530
30380
22103
22103
10110
27200
10000
10008
10008
10002
10002
10135
14722
14722
11502
14860
15200
14722
30700
14835
22111
14722
14661
14873
11502
11057
14722
14835
11532
15502
15401
14722
15200
10002
30707
14835
22008
10002
14844
15502
11105
15442
22007
22040
27002
10141
10141
10141
15130
14133
27400
27002
27400
14142
27400
30380
14107
27400
27400
27400
14107
15130
21801
30380
21801
27002
27002
14107
27400
27400
27002
27400
27002
27400
27400
15130
27400
27400
27400
27400
27002
27400
22702
30380
22013
27240
27410
14401
10400
14401
14721
14722
21801
27400
27400
23110
15114
30380
15140
14722
14733
40000
15114
27410
15202
15209
14513
14513
15440
15440
30380
14515
15339
30514
31032
23135
23135
14630
15202
32350
30504
32416
32416
32416
14050
14050
30541
30380
32416
30541
30504
15140
11500
11508
11501
14831
30354
10141
30504
30504
10140
22008
15503
15503
27410
27410
27400
30641
14272
27002
27002
22103
24401
22701
14073
30380
14220
27240
15113
20121
15113
27410
27410
25101
27200
27200
27300
15110
22013
14092
14043
14082
15110
22013
23110
14082
14240
11110
27200
27200
27002
27200
23110
15110
10119
30380
14932
10112
11110
27400
25101
27300
11110
25101
36023
36023
15419
15410
15115
30380
23110
23110
25130
15110
15114
22102
14843
22120
27000
14655
22172
22034
10114
23110
23110
27000
27000
11500
14513
14405
30380
14405
15202
22701
14405
10002
10002
10137
10113
15114
10502
22021
27000
20012
15115
23134
11230
11240
11233
11020
11101
11114
22034
22008
20012
22013
22040
30011
10151
14131
10119
14090
10151
10151
30380
14722
14722
22713
15242
32143
22171
22715
11102
14052
21011
15115
22601
22171
11141
22170
24010
24012
24010
27400
27400
14594
11056
11056
30510
11056
14043
11101
22701
11056
22713
15149
15149
22710
14401
22713
27100
10119
10113
10109
27200
15100
22500
22500
14932
14931
22132
22180
15115
23110
23110
15115
23110
14407
23110
15105
15104
15104
22500
23110
21012
31042
31042
11301
10137
15202
15202
10140
10201
15110
15202
10000
15139
15202
15219
15219
14140
14140
14142
15200
15130
27410
32917
27200
32917
15113
15130
11300
15130
23110
11011
31021
22715
11011
14091
27410
14091
30522
30723
11011
11011
11011
30840
31003
11004
14906
14900
11303
11303
11302
11300
11302
30444
30010
14750
30634
14852
14750
14906
14802
14846
14900
14841
30522
30350
30169
30310
30530
30010
30010
30504
11300
22034
30010
22010
10141
14101
22102
15110
25120
11303
11300
11303
30521
15130
15119
22190
14830
22190
22190
23110
27400
21012
15130
11240
22190
22007
22172
22102
22132
15110
22180
15130
22802
15119
22120
22190
15119
22103
22103
24010
11022
10300
22511
15605
27410
22511
14083
14054
14000
14083
15130
11500
11501
11531
11501
11521
10200
10200
14010
14052
22040
22036
27000
14209
14200
14209
10141
14077
14404
22021
15202
30380
23120
10201
10153
15411
10200
15119
15119
25111
15110
15114
22500
14513
30380
14513
14721
22012
14860
14870
14870
22120
22036
22715
22715
14275
22801
14275
22802
15202
22802
14710
10119
15130
22010
27410
14300
15111
22130
22130
22102
30380
27300
20012
10119
15432
34101
30380
14051
14051
14525
15605
15605
14112
10002
10000
14112
14090
15422
14720
21400
24102
21200
24102
25111
23110
25111
20110
27410
10110
27300
14207
10132
10116
27300
27200
27000
27400
21400
11141
21801
27410
27200
27400
14130
10132
10119
23110
10119
10119
10132
27200
11500
27300
27200
27200
14092
25012
14091
11530
14770
30380
24010
10109
14920
14932
15119
24010
23112
23110
15410
22714
15410
11300
30380
11230
14403
23110
22715
30380
21801
25101
25012
11056
23110
22035
22035
22035
11056
30380
27200
27410
22111
22103
30175
22190
22103
27002
27002
22102
27002
27002
25101
22190
22172
22102
22111
22008
22010
22021
22001
22102
22102
22036
15202
22190
22008
21200
22036
11241
14802
23132
27002
27100
15115
24010
24010
24010
15000
11521
27400
15502
30380
34127
14834
14835
30161
30161
22111
24100
24100
30304
25120
22013
24000
22111
22130
15410
22600
15115
15115
27410
27410
15115
15110
24010
22021
11110
11303
22101
22172
11057
11052
11022
22120
22101
27300
22103
22100
24010
22103
22631
15110
15110
14142
14402
22631
14142
15110
22101
22130
22130
22132
15110
15110
15012
15419
15419
22172
15110
15110
15200
27300
14705
30233
14077
22103
22131
22103
22000
33003
22035
14120
23131
23134
30348
14142
23121
30380
15110
14142
14145
30380
23110
23131
14525
10137
10137
14513
14862
14513
14513
11034
14851
14851
14851
22830
15110
14661
15115
23110
30380
14120
14131
27000
22120
27410
23110
22036
27410
27410
15230
27300
15410
27000
27000
27000
23121
15200
27000
27000
27000
25102
27000
25120
25120
25120
11231
14091
14241
14200
14091
27410
14054
27100
14092
15110
15110
22103
22036
22013
25101
14200
22100
22840
14630
27300
22001
27410
14831
27410
14844
22100
14912
25101
15012
14830
14076
31423
10119
25012
14822
14092
14092
14080
14240
22103
25101
23110
25101
14076
15200
22111
14831
14830
27300
15321
22101
15200
22671
15110
15110
15200
15604
14833
15110
15116
15116
30380
22102
22180
15116
15116
22120
22172
15110
15110
15110
15110
15110
15110
15110
15110
15110
15110
15110
15110
15110
15110
15110
15110
15110
15110
15110
22500
15110
15110
15110
14750
15110
22601
30358
10119
22716
30332
22716
22021
27410
14753
14753
14560
14022
22021
15004
15004
10000
14551
15263
14543
10116
30451
14100
14131
25120
14513
22071
10116
10000
10116
14054
15200
14513
10001
11303
10150
10000
15200
10152
11222
22004
14513
11304
10002
10000
30448
32316
34226
30822
25100
10141
10141
30380
14120
24010
31425
10141
10141
10201
34900
10119
15115
22101
15115
14091
14092
15115
14050
23110
14260
22013
14091
14092
15004
10137
10137
10319
15004
23110
10201
32917
14091
10201
14052
14845
14050
14260
14860
30380
10141
11104
30800
10141
27300
23120
10119
14750
14750
10201
14013
27300
10200
14054
14131
27300
23110
14300
15200
14300
30444
14222
15200
14300
14722
30380
14722
25100
14310
25100
23110
15200
15502
22008
32325
14830
14093
15004
22001
15202
15202
22010
15200
15200
30420
14700
15202
15232
22008
14560
15200
14836
23110
14830
14860
14917
14860
22007
14076
14052
15202
23131
22013
23134
23110
14021
14300
14715
10151
10151
14092
14013
15101
10141
30365
14092
15202
14250
27002
27200
15202
15000
23112
33060
34225
11044
33060
11533
10150
22800
14075
30507
30335
14130
22600
14750
11110
23131
22008
22130
15200
23134
27240
27400
30380
15114
15200
15116
15116
22130
22130
23113
15200
15114
15116
15110
15200
22130
30356
22021
22172
22021
15110
22103
22500
27410
27410
22007
27410
22021
22036
22102
22102
22111
22171
22102
22111
22102
22020
22111
22170
22071
27410
22036
27410
22101
27410
22103
15110
22101
15110
15116
24101
15200
22103
22008
22130
15110
22501
22170
22501
15110
27002
15200
15200
22000
22102
33060
33060
10000
10000
10150
10150
10141
10141
14722
14722
14722
14722
10130
30380
10135
10135
27000
15110
10131
10135
10135
30903
10141
10141
30215
10131
27000
30380
22111
15149
27000
15111
32361
34204
14722
15119
34204
10119
14722
10002
10002
14722
14722
14722
14722
15149
30380
24401
23110
22111
20103
25120
21700
23110
24403
20121
10119
20103
25121
11500
22130
23134
23134
15232
15230
22103
22102
23131
22007
22130
22001
15000
15110
15116
23110
27410
14826
14837
22111
22102
22102
15110
22103
22111
15110
23110
22100
22100
31003
23120
21801
21700
22111
15022
15022
15022
15022
15022
15022
15022
23110
25121
27002
30380
15110
15022
15130
30380
27410
27000
22001
27410
15231
14722
25121
22130
15200
27400
14092
22802
14092
15110
22021
23135
22172
30380
15232
15232
15230
15231
27002
27410
27400
11100
14076
15231
30380
15230
15231
10141
14105
23110
15231
14092
14092
23135
23110
14130
15231
15231
15231
10116
10116
15110
15123
15123
27100
14001
15119
15119
14130
30448
22007
25120
30380
15432
15404
27002
15202
22701
30380
22021
25121
22102
14600
14600
34304
22034
30011
30821
10141
11531
11532
15114
24101
14570
15110
11233
14722
14043
25101
30380
15110
15110
15115
30380
15115
27100
15115
27100
22001
22170
10200
22034
10300
10300
25120
27000
27100
22601
23120
27100
27100
23121
24000
15120
15120
22130
24112
24000
14838
30337
14091
15202
22040
14903
25101
14831
14084
14092
14092
22008
14831
11300
27410
14900
27300
14052
23110
22101
25130
25111
22103
27410
27000
22008
27410
25120
25120
27000
27300
22101
15110
14804
24010
24010
15110
14800
11220
11220
34101
34211
34211
34121
15120
30514
10439
14701
23131
15604
10439
27410
15604
22500
23132
27400
10440
15202
15110
14200
22715
22034
22007
22102
22036
22034
22103
22103
14861
22034
27200
27200
23110
27200
22034
22034
22034
14130
15202
27200
15232
22008
22701
23110
14406
11057
15004
22008
30380
14406
27200
20103
20121
23110
20103
23112
20130
25120
27200
27400
23110
23110
14077
30380
14082
14092
14082
14082
14082
14402
25111
30421
27000
25101
15113
24220
22008
22008
15230
27410
11501
14121
27000
15343
24010
25120
22013
25120
27000
14701
30380
22120
21200
25121
27002
22190
23110
25121
25121
22120
25121
22172
22103
30503
22013
30500
25121
22013
22671
25121
30710
30822
22103
22172
23110
23110
23110
30380
25121
25120
30832
30821
15111
22101
22130
25121
25120
23110
23110
27100
23110
14131
25120
25120
25120
25120
25120
15114
15114
27400
25121
25120
25111
15111
33060
23110
25120
25111
23110
25120
25120
25120
25120
23110
22130
25120
22130
22102
23110
22130
22101
22102
30380
11303
22130
23141
14800
25120
25120
25120
25120
22102
14801
30710
25120
25120
22007
25120
25120
25120
22013
22671
22671
25120
25120
25120
23110
23110
25120
25120
22007
25120
25120
25120
25120
25120
10000
25120
30380
23110
25120
25120
25120
25120
25120
23110
10002
22671
25405
27100
23110
30380
25120
25120
27300
21021
25120
25120
23110
25120
25120
25120
25120
23110
23110
25120
25120
15110
22036
22100
14722
23110
25120
14721
23110
27200
25120
25101
25120
25120
30380
14722
25120
15242
25120
23110
22102
22021
25120
25120
22021
25120
25120
22103
25120
15110
22130
25101
23110
25120
22130
27000
27000
22172
25120
23110
25120
25120
25120
22172
30380
14800
22671
22100
22111
14275
22172
23132
22036
15110
11104
14275
14810
14815
14815
15469
14810
27300
14111
15130
11504
22172
14111
23113
14275
34220
15119
15202
15119
14770
15115
15605
15104
10136
11500
14750
11500
30000
14091
10152
30000
10136
14830
10114
10136
14105
14750
10116
14032
10136
30380
15119
14275
10119
14275
15115
14863
10136
23110
10201
15110
14580
30380
14846
14846
22007
22008
22007
27410
27410
22010
22008
14594
15130
23110
10201
14081
14594
14596
14145
14052
10201
22701
30380
22701
22007
14750
15210
11220
11301
14010
14010
27300
23110
22111
27300
22111
14010
22013
15110
22103
22102
22120
22102
10201
10201
22120
22130
14131
10201
10201
15110
22172
22120
11521
11521
22013
11531
30380
22013
14543
14580
30380
14551
14580
14550
14531
14594
30380
10201
27400
14594
10201
14200
10201
14073
10201
22701
14015
14073
14080
27300
11204
11112
11200
20121
15114
15004
20121
15231
15231
15012
30444
23113
30380
23110
30444
23110
32360
22021
14770
15130
11231
11042
14812
14593
15130
10435
23110
14243
23110
22630
15130
10300
23113
14286
10435
10435
14250
14250
15200
14101
14701
30380
30380
15114
15231
27100
14860
14839
11041
14721
14802
14750
10002
15104
10119
15410
23132
25121
22013
11300
22102
24401
33001
24401
22102
11230
15232
14200
15120
15605
36030
14750
14010
15232
14012
15343
27002
27002
15116
15116
14750
27100
10008
11501
11056
22801
22702
10008
15116
14831
27100
14510
15230
23120
22012
14845
14826
22040
22130
14916
25101
23120
15114
25130
15114
27100
27240
27410
14841
23110
14846
14932
23110
23132
23112
14874
22001
14831
11502
11500
24010
22602
22610
23113
27410
22013
27410
22630
22630
25101
22102
22172
22701
22007
23132
14082
14082
14091
14082
14091
15320
15000
14091
22102
23110
14837
22701
14836
30380
27300
15333
14082
15000
14092
15110
10000
14091
14091
15120
14092
10443
10140
15130
10141
14843
22008
22830
14906
10450
14846
14871
14844
30323
14844
22830
14871
15110
15110
27002
27002
27000
15115
27000
15410
15410
10422
30380
10422
30380
11303
11301
11532
11301
11221
14860
14860
14860
14860
14802
22900
22701
22671
23110
23110
14812
14860
14860
14860
14750
10103
22036
24010
27410
22008
22008
21801
21801
27002
15209
22036
14804
24401
21801
23110
15104
22008
22008
21801
22000
22007
22120
22120
15200
14013
21021
14034
15110
15113
14721
21021
14917
15113
15120
14092
14092
14092
10152
30380
10120
10152
10008
14092
30380
14843
22012
14722
23112
22802
20101
14754
22012
14090
32416
14100
14130
15021
14200
31004
15115
30380
14142
14132
22001
15232
15232
15232
15232
11114
15110
14131
11532
14130
14131
15115
14900
10150
14635
14842
31004
22500
15231
30380
22001
15115
15230
14054
15231
10439
22172
14594
30380
15115
14594
15230
14563
11110
10000
10000
15419
34511
15231
15230
15202
30380
22111
22171
22130
15130
22102
14721
22001
22111
15130
22170
14250
15242
14275
14060
30380
14750
14270
14200
14275
27400
22170
22001
14142
11400
14110
22008
14140
30380
14142
30810
30510
22008
30380
22001
11114
14902
23120
14721
23132
22008
30380
23110
14830
23135
24401
14902
14902
14802
14801
14130
30323
22802
24101
23110
23121
14833
11230
14000
11022
11054
14013
11233
25120
27002
11301
23132
11230
30380
22008
23110
23131
36022
30380
11304
15012
30380
30380
15115
40000
14015
14010
23110
15119
15119
15119
15110
15110
15110
15119
23110
15202
11533
10141
15110
15110
11311
21021
22020
25101
27002
10112
10100
21200
27000
27000
27000
27410
15110
22030
22020
22021
22020
22103
27300
22850
25120
22830
25101
24011
14831
30348
30348
30338
30448
14813
14076
15000
22035
27300
22170
27000
11532
11533
14131
25120
22101
33026
25101
27400
22102
27000
22600
22500
22500
22172
22100
22171
22005
24010
24101
24010
22100
22610
15200
22102
22172
27000
27000
22102
10701
15604
15000
23131
10119
10119
27300
23132
23110
22101
23134
25101
22103
30321
22101
14801
25101
24101
27200
27200
27200
25111
24000
10454
14837
30380
22102
24012
15002
15005
14632
22170
23113
14630
14811
22111
22102
14836
30380
14831
22034
22111
14644
14831
14823
14831
15231
15231
15110
14010
14010
23110
23113
14010
14010
14010
30380
22034
14916
22701
15021
14911
15021
15029
22630
22630
22621
14080
30380
27410
25120
25120
25110
25110
25120
23120
22500
25120
14873
22036
22500
25120
30000
30000
14015
23131
14721
30380
23110
23110
10141
36020
30710
23110
23110
23110
10141
10310
23113
30380
10310
10141
10141
14572
15116
14714
27410
22702
25100
22714
22714
22671
22631
14620
14515
22671
22671
27410
10137
10116
25012
14520
10141
30332
30340
14552
30335
30164
30165
30165
15240
24220
15242
24010
11022
11022
11011
24010
14802
14010
30320
14010
30380
14552
14552
24010
30321
14802
30334
14010
15000
15235
22103
24011
15235
15235
22101
24101
24011
15000
15235
30380
15235
15235
15235
15235
15235
15235
15235
15235
15235
15235
15235
24101
14833
15240
15000
15235
15235
15235
15235
14811
15235
15235
24011
15235
15235
15235
15235
15235
15235
24101
20110
10113
30380
31425
14091
10116
15243
15243
31425
14092
10119
31425
14132
10119
10137
10113
14092
14033
30380
14651
27410
22130
14092
14901
14655
14655
10116
14905
14900
14092
31029
22008
15116
10116
22034
30380
22001
10002
30821
10119
27410
10113
15120
15121
10150
14722
10113
30380
15242
15242
15120
27410
27410
11055
27400
11052
11055
22500
27400
27400
10000
27410
10000
34032
15605
11532
11532
14090
14130
11531
14090
11531
14661
15110
22021
10150
15202
14101
14130
22036
14101
11200
27410
10150
24401
10150
21021
11230
24000
14700
15110
15242
23110
22020
10000
15202
27410
11311
25120
10000
10100
27002
30380
27200
15114
21801
23110
15110
14101
14700
14700
14710
14830
15200
15200
15111
10401
24030
27410
27410
27200
27410
27410
25111
23134
23110
27000
11056
30380
14260
11056
14284
31131
27000
11500
27000
25101
27410
27200
27410
27000
27000
27000
27000
14300
10141
23110
14033
30380
23134
15502
23110
23110
27200
10110
27410
27410
10140
10140
10110
10110
10116
14593
10116
27300
30380
10116
14593
27300
27410
27410
14593
15113
25005
20130
24112
24012
20121
14310
14033
15113
15113
24010
22002
15113
14092
22630
22190
24000
40000
22000
27410
27410
22036
23133
27300
15000
15140
15000
30380
14131
14050
10201
23133
10119
15202
23130
27000
25101
25101
22180
22120
20121
22120
27300
27300
25101
22120
27300
15200
25101
27300
22120
22120
20121
14873
14873
14872
25101
14873
14833
15120
14130
23110
15110
30161
30448
15110
30337
14812
15402
24010
22008
22008
30380
14802
15402
14802
30161
15110
14531
15110
15110
15110
15110
25111
27410
15232
11057
11057
11057
25121
34121
34211
14540
11531
22013
27000
11011
22034
10309
10309
22111
23132
10201
15410
22103
21021
21020
27000
15114
22190
22190
22032
22120
22036
22013
22111
27410
23132
10309
10002
22172
10150
10150
23110
30380
30522
15110
14032
15115
30380
14231
10002
14032
14573
14585
32917
32917
10002
32917
15502
15115
15502
30380
10136
15200
15110
22008
23131
22007
15231
32917
32917
15113
22021
15202
15200
15200
15110
22008
15202
23110
15202
15110
22071
15231
15231
15202
15231
22008
27410
22630
22702
27300
27410
15110
15110
14040
14034
22008
15130
14090
10109
14082
14082
14054
30380
15000
14092
14092
14572
14060
14020
15140
23110
14090
11104
11532
15130
14054
10112
14080
23110
14845
14845
14845
23131
15412
15415
22111
14093
14132
14203
30380
14145
14101
30380
14101
14722
15240
14105
15501
14722
15242
14721
23121
23121
10102
15503
10113
15200
15130
15110
15200
30380
10109
23110
30380
15502
15502
10116
15120
15502
15120
10201
27000
22190
22500
22102
22102
14823
15019
15200
23132
22102
27200
21801
22702
10422
22103
22102
23132
23110
14903
14860
11110
11110
