15200, 10113, 14050, 14402, 14403, 11531, 11532, 11533, 10130, 14014
15232, 27000, 15114, 15120, 24401, 22712, 10300, 14815
14860, 22800, 14617, 22170, 22172, 14750, 22701, 22190, 14405, 23110, 23112, 22601, 14802, 22103, 27100, 14300, 14701, 22001, 22130, 22007, 22008, 22010, 22013
15232, 14630, 14633, 15115, 30380, 15149, 14510, 14900, 14520, 14521, 14842, 14843, 14847
14082, 24101, 20103, 22601, 14121, 25101, 20014, 14830, 27410, 25111, 27000, 20121, 14750
22172, 14054, 23110, 21801, 15114, 15115, 15116, 11022, 21200, 27410, 21011, 22100, 22036, 10103, 23131, 15004, 11102, 23132
10401, 15004, 15110, 27400, 22120, 15113, 30380, 14831, 10000, 14513, 15440, 22035, 14900, 27000, 15130, 30332, 22013, 14655
14560, 15200, 22500, 23110, 22631, 22600, 21801, 15242, 15116, 30380, 22000, 23121, 22036, 22007, 27100, 15230
24000, 15110, 22630, 23110, 10119, 14284, 22032, 30162, 14802, 14900, 22621, 25111, 14813, 14750
27200, 14112, 15110, 23113, 15115, 30380, 15116, 27410, 22035, 30164, 22036, 22102, 22007, 22008, 15130, 23132, 22013, 14142
30380, 11052
14080, 14721, 14083, 22020, 27400, 11400, 14090, 15115, 25101, 10000, 27410, 22034, 22170, 22171, 10141, 27300, 30380, 14252, 22711, 23110, 24010, 14800, 22102, 14811, 22111, 15202, 14060, 22130, 22007, 27000, 27002, 22013
14802, 27410, 14815
21120, 11300, 24101, 22500, 22631, 22120, 22602, 22030, 21200, 22000, 15410, 22034, 22036, 22101, 22102, 22100, 22008, 22013, 22111
20100, 20101, 22021, 22020, 15114, 25101, 14863, 10001, 20121, 22171, 22172, 27000, 33060, 22702, 14261, 10441, 23121, 22101, 22102, 22103, 27100, 23132, 22111, 11110, 22130, 15605, 22008, 27002
20103, 27400, 27410, 22036, 22172, 21021, 25120, 30500, 24101, 15019, 30380, 22190, 22715, 24010, 22103, 27100, 30812, 22111, 24032, 22120, 30444, 15469, 30445, 30447, 14842
14721, 22020, 11141, 22008, 15242, 15502, 22034, 34200, 22170, 15130, 34204, 10141, 32030, 34212, 31014, 11303, 31015, 14121, 30380, 11056, 30903, 34363, 11220, 22101, 22103, 14814, 15202, 30820, 22630, 11500, 30701, 11502, 10100, 10102, 14200, 14076
14720, 14721, 14082, 15110, 15114, 15115, 14220, 22010, 22036, 31001, 31004, 15004, 14750, 14113, 21801, 30380, 22701, 14258, 23110, 22600, 23113, 24010, 14032, 22103, 23131, 27100, 23134, 22111, 14054, 14831, 22511, 14834, 14835, 22007, 27002
14208, 22021, 15110, 14090, 15115, 22671, 25111, 10141, 11300, 11303, 30380, 34225, 14531, 14917, 22103, 14040, 14043, 27100, 14813, 22110, 14812, 14814, 14052, 11110, 15209, 21110, 14070, 27000, 27002
14720, 10401, 27400, 14730, 15019, 24012, 30380, 15114, 15343, 15115, 14802, 22036, 21400, 20121, 14842, 27100, 15004, 15005
14080, 14082, 15110, 10119, 15114, 15115, 11532, 20110, 10002, 14101, 10008, 14108, 11300, 10150, 30380, 22702, 14140, 14142, 14014, 14531, 22102, 14043, 23131, 27100, 15200, 27000, 14073, 27002, 14203, 22013
14721, 15110, 15114, 15115, 27410, 22036, 14750, 25120, 27300, 21801, 30380, 27200, 24000, 27201, 30161, 22101, 22102, 22103, 23132, 22111, 15200, 22500, 27240, 14826, 14956, 22001, 27000, 15230
14112, 14531, 27000, 14661, 24101, 30380, 14543, 23120, 14804, 14836, 22102, 22008, 27002, 14300, 21021
15110, 11531, 22802, 22034, 22172, 14620, 27300, 11300, 30380, 27002, 34222, 30512, 23110, 22860, 14802, 22102, 22103, 23134, 14815, 11233, 22500, 14703, 22002, 21110, 22008, 14714
14721, 20103, 15240, 27410, 15130, 15004, 14243, 11300, 27000, 11303, 11050, 30380, 11054, 11056, 34225, 14130, 22071, 30010, 10201, 23132, 11231, 11104, 15200, 15202, 14563, 14050, 14052, 11110, 11500, 11501, 11502, 22001, 14839, 22008, 27002
14080, 14721, 15139, 14076, 10152, 15242, 14860, 11501, 14831, 14863, 11504, 22671, 15123, 15605, 10140, 15231
14722, 33060, 15140, 14861, 10100, 34101, 10136, 14872, 10300, 10141
10113, 14722, 14082, 14342, 14091, 14092, 14093, 10001, 27410, 14232, 14110, 14241, 27300, 10151, 30380, 14774, 14903, 14905, 10435, 14916, 14661, 14846, 14541, 22101, 30304, 15202, 15459, 11110, 11111, 30320, 14705, 15605, 14710, 15100, 15101, 10110
25120, 15232, 10150, 10119, 27400, 21801, 23110, 14822, 30380, 23113, 30161, 22130, 14100, 22710, 23132, 22013, 14814, 22111
40000, 31425, 22021, 22071, 22120, 14860, 14640, 22001, 11056, 22036, 22007, 30300, 22013, 15230, 22111
24010, 22100, 23110, 22103
27200, 11200, 15202, 22021, 22630, 22602, 22603, 11500, 11530, 14705, 27410, 11508, 15605, 22036
40000, 11233, 23110, 10150, 30380, 15120, 15442, 30451, 22035, 11230, 22102, 22103, 22034, 14010, 15230
15110, 11533, 27410, 22036, 15000, 22170, 14112, 11300, 30380, 14258, 14530, 14275, 23110, 14281, 22100, 22101, 22102, 23132, 22111, 15200, 22630, 22000, 14832, 22004, 14076
15202, 36035, 10150, 15432, 10441, 15114, 15211, 15241, 14093, 15120, 25111, 10200, 10109, 10111
25120, 14722, 10501, 15242, 15219, 27000
31042, 30338, 10116, 30231, 23110, 11303, 31049, 11114, 30380, 14831, 22610, 10201, 30362, 31001, 30010, 23132, 21021
14112, 14723, 14022, 10119, 15115, 11052, 11054, 23120, 15410, 25111, 27000, 23131, 27100, 14815
25100, 11022, 32143, 27410, 32403, 22036, 30103, 11300, 11301, 10150, 11303, 30380, 11055, 14130, 14261, 40000, 24000, 27200, 14916, 24012, 23120, 23121, 24403, 11220, 22102, 11230, 14050, 22630, 27000, 27002
14722, 10117, 10130, 22035, 22036, 15130, 15004, 10141, 15263, 14241, 11042, 11043, 11044, 14121, 14258, 14900, 14014, 23110, 14802, 11233, 15202, 15209, 14830
14721, 10116, 22020, 15110, 10119, 10000, 10002, 14101, 15130, 24220, 15004, 14633, 30380, 15405, 14252, 14140, 14530, 14916, 14814, 14050, 22008, 15231
14721, 15113, 27002, 14830, 15250, 22036, 22170, 15230
11521, 11522, 22021, 15110, 11531, 14092, 27410, 10002, 10132, 10130, 15140, 10150, 11302, 30380, 14000, 14900, 23113, 24010, 11102, 14830, 14584, 15230
23121, 11220, 11230
11233, 30380, 11054, 11057, 27410, 11222, 27000
11522, 14723, 15110, 14215, 14090, 14091, 15115, 14861, 14222, 14863, 15114, 22802, 22036, 15000, 14107, 15004, 22172, 22013, 11300, 24101, 14250, 30380, 14636, 14000, 14130, 14131, 14013, 11200, 14275, 23110, 22601, 22102, 23130, 23131, 23132, 14815, 15200, 11233, 15202, 14826, 14956, 15343, 11504, 22130, 27002, 22012, 14845
14721, 10502, 11531, 11532, 14870, 15000, 27421, 14750, 25121, 22013, 11300, 30634, 30380, 14900, 10435, 14661, 23110, 14663, 22600, 24010, 14932, 11222, 27100, 15201, 30821, 11110, 14956, 22001, 14842, 14843, 14845
14081, 14275, 22020, 22021, 15110, 10310, 11304, 25130, 30380, 24012, 20110, 14031, 27410, 10131, 22036, 25111, 27000, 15130
27300, 27400, 20201, 22190, 22830, 21200, 22130, 21011, 22036, 27100, 14844, 21021, 22111
14722, 22020, 14090, 15242, 30348, 14861, 15502, 25101, 10000, 14092, 27410, 10002, 22034, 15000, 22170, 22172, 20130, 33060, 10150, 14506, 30380, 14513, 15410, 14131, 14132, 14515, 11313, 22071, 32316, 14525, 27200, 14404, 22101, 22102, 10200, 10201, 32352, 30304, 15202, 14050, 14052, 27240, 11500, 30321, 22010, 15231
10112, 22008, 14090, 15115, 14091, 14092, 11532, 15503, 10000, 15000, 14105, 15130, 15004, 15012, 30380, 31023, 14131, 14275, 23120, 24401, 23121, 23131, 11230, 14050, 14052, 14054, 11500, 11501, 14200, 27002, 10111
14112, 14754, 14826, 31115, 30380, 10319, 22130, 14836, 14837, 22103, 27000, 31001, 31101, 22111
25120, 15202, 14082, 22020, 22601, 14121, 30380, 11500, 22702, 23120, 22001, 22035, 10132, 22036, 11220, 14200, 10140, 11101, 14014
11521, 15114, 14860, 32013, 11533, 15119, 22032, 27410, 25111, 31003, 14839, 11300, 11302, 30380, 22830, 11054, 15410, 14650, 14530, 14917, 23110, 22601, 14031, 24401, 14802, 23132, 23134, 15200, 22500, 14828, 14836, 22007, 27000
22021, 15110, 15111, 27400, 15113, 11530, 11141, 14863, 15503, 11540, 15130, 24101, 30380, 14513, 30133, 30531, 14917, 34513, 22101, 22102, 22111, 15202, 30820, 30821, 14310, 22130, 22008, 14585, 27002, 11005
15232, 20100, 15110, 27400, 15115, 14091, 14092, 20110, 10001, 27410, 10002, 15130, 15004, 10141, 20130, 10150, 30380, 14000, 27200, 23110, 14407, 23112, 23134, 27000, 27002
27400, 21012, 15110, 27000
11110
14241, 20130, 14243, 22851, 11004, 23110, 10119, 15110, 23113, 30380, 14956, 22030, 22671, 22032, 22036, 22005, 14073, 23132
15104, 15232, 15105, 21021, 22500, 24101, 15004, 15209, 14956, 30380, 10130, 22102, 10200, 27000, 15130, 23131, 30012, 10141, 10111
15200, 10150, 10119, 31047, 31049, 15110, 14091, 30380, 14092, 23120, 15004, 10141, 23134
27200, 15202, 14083, 33060, 22020, 23110, 15111, 15115, 30380, 25101, 22008, 27100
15110, 21000, 30380, 22130, 11507, 22036, 22101, 22102, 22103, 27002, 15262, 30335
14561, 10501, 11531, 30380, 30161, 14802, 14801, 11230
25120, 14827, 14821
24000, 15202, 21700, 22021, 23110, 30380, 24111, 24401, 15410, 24403, 22101, 22102, 22103, 27000, 27002, 23132, 23134
27200, 15104, 11521, 15000, 11022, 22030, 14863, 11121, 22034, 32917, 22901, 27000, 30010, 23131, 10141
14520, 14521, 14570, 15419
14112, 33060, 30365, 10119, 15209, 11530, 30380, 14572, 30000, 22001, 22034, 34513, 22012, 10141
15232, 14082, 14594, 23110, 10310, 14280, 14121, 14090, 15115, 30380, 10130, 25111, 10200, 10141
15200, 14401, 27300, 23110, 15110, 21801, 30380, 14863, 22102
15202, 27300, 14052, 27400, 30380, 10141, 27410, 27000, 30011, 14077, 10110
14082, 14243, 15110, 27400, 15116, 15119, 22671, 14928, 22034, 10131, 22008, 14873, 23132, 14750
25120, 14721, 27200, 27300, 22021, 25101, 15119, 22000, 22671, 22036, 21400, 25111, 27000
22020, 32325, 11303, 23112, 15111, 10119, 15115, 30380, 25130, 15502, 23120, 14802, 27410, 22008, 27002, 14811, 23132, 22013, 22111
27300, 27000, 24010, 30380, 15121, 22036, 10100, 22008, 22010
27300, 23110, 22600, 15119, 23132
15110, 15114, 15115, 30380, 14956, 15119, 14839, 15000, 27100
27200, 24101, 24010, 10000, 14072, 25111, 27000, 10141
11230, 11503
25120, 14914, 14850, 10116, 14054, 11110, 30380, 25005, 14860, 14223, 14352, 11504, 25111, 14232, 14906, 14653
14401, 31042, 14820, 27300, 15110, 22630, 22120, 22601, 15114, 25130, 25101, 25012, 14836, 22102
10150, 30380, 14573, 30445, 10000, 10002, 25111, 27000
25101, 20110, 27410, 25111, 22170, 22172, 21021, 25120, 25121, 15012, 21801, 15402, 14636, 30380, 20012, 22713, 23110, 22601, 22610, 22102, 22103, 14812, 22111, 22631, 22130, 14710, 14839, 27000
14020, 22020, 10150, 30380, 10000, 15120, 27410, 23132, 23134
15202, 11301, 24012, 30380, 21400, 21021
14401, 27300, 11300, 24101, 11241, 21801, 22101, 22008, 27002, 23132
15232, 14082, 15110, 27400, 15114, 15242, 15115, 15502, 14072, 15120, 27410, 10130, 22172, 30380, 14130, 14132, 32316, 27200, 23110, 22600, 22601, 14802, 15202, 14060, 27000, 14841, 14076, 15231
11532
10112, 10113, 22021, 10150, 23110, 15114, 30380, 22830, 22030, 10000, 27410, 22035, 14200, 10131, 10130, 22002, 27000, 10201, 23132
14721, 14090, 14091, 25100, 14860, 15502, 10000, 10001, 10002, 27000, 30380, 15410, 27200, 23121, 22102, 22103, 23132, 27100, 22111, 30821, 22120, 27240, 15340, 22008, 14841, 14844, 14846
27200, 15202, 10116, 11044, 14054, 22630, 11301, 15114, 14091, 30380, 15115, 14092, 22604, 34101, 14070, 14011, 14076, 10141
15004, 23110, 30151, 22120, 14860, 30380, 11054, 14863, 22032, 14956, 22130, 25012, 14837, 22036, 14841, 15323, 22172, 23132
11521, 15110, 30348, 25101, 11022, 11023, 27410, 22036, 34204, 30380, 11311, 30512, 11312, 30514, 23110, 22604, 11221, 14300, 15201, 15202, 30052, 30444, 22130, 30710, 27000, 22010, 22013
14721, 27300, 10501, 22601, 24010, 30380, 14833
15004, 27300, 15110, 24010, 30380, 15119, 22800, 22130, 22036, 22101, 22100, 22103, 15000, 22102, 22172, 22111
15200, 14401, 23110, 15114, 22701, 22830, 15411, 22710, 22840, 14811
30380, 14750, 14863
14593, 14275, 25111, 14917, 23110, 30380, 25101, 30351, 30832, 30161, 30514, 14900, 34038, 14774, 14072, 14010, 15130, 15420
15104, 14722, 10119, 22008, 15115, 10000, 15121, 10140, 10141, 15263, 15139, 10152, 32043, 30380, 27200, 23110, 30553, 23131, 14050, 14052, 14054, 14830, 27000, 14075, 22012, 14077, 15231
40000, 11201, 14082, 11011, 27300, 15110, 11303, 15113, 11305, 25130, 30380, 22701, 22671, 27410
11522, 10116, 10119, 15121, 27410, 10002, 14200, 32917, 10135, 10008, 15130, 11300, 11044, 10150, 30380, 14078, 11057, 14140, 27200, 14284, 14051, 14071, 27000, 10110
14851, 27400, 15115, 14222, 27410, 22010, 22036, 22040, 22172, 25120, 27300, 30380, 22190, 21200, 23121, 22101, 22102, 22103, 22111, 22132, 22007, 27000, 27002
27300, 23110, 20110, 22130, 22036, 22008
24010, 22100, 22101, 22102, 14200
11210, 24011, 14860, 14513, 22716, 22034, 22036, 22101, 22102, 22130, 22170, 22715, 34204, 14525
14531, 23110, 23113, 30380, 22610
14403, 14820, 15110, 14822, 14409, 15114, 14636, 14130, 22901, 14811
15232, 27200, 30241, 14916, 11110, 23110, 23113, 15209, 24010, 30380, 34220, 14900, 22102, 14839, 27000, 30171, 22172, 15005, 23134
15200, 10401, 15202, 10501, 14342, 23110, 14121, 30380, 27410, 15130, 14076
15110, 30121, 30125, 30161, 22130, 22036, 22101, 22102, 22103, 27030, 22172, 22111
14403, 15139, 23110, 15019, 14636, 30380, 14092, 32628, 14900, 14837, 15004, 14845, 15231
10501, 14091, 14092, 10000, 22036, 22170, 22171, 15004, 25120, 14241, 11300, 27300, 10150, 11303, 24101, 30380, 34220, 22701, 27200, 14916, 24010, 22102, 23132, 27100, 15200, 11112, 14831, 11121, 22130, 14835, 27000, 15231
14721, 15110, 11303, 30380, 14860, 15502, 15503, 11230, 27002, 23134, 15231
25120, 24101, 11110, 23110, 22103, 14121, 23113, 22110, 30380, 10132, 10133, 14837, 11543, 14836, 22172, 11230
23142, 15110, 30380, 22701, 23121, 22036, 22071
14723, 21700, 22120, 27240, 15402, 23121, 22130, 22132, 25012, 27000, 15420
34304, 27300, 11303, 15433, 24010, 23113, 30380, 11502, 14800, 10100, 15130, 11230

11300, 14021, 10150, 11303, 14120, 14121, 14084, 14091, 30380, 14060, 15502, 15343, 14092, 11056, 11500, 10132, 22103, 15130, 10140
24000, 32736, 14871, 10502, 22630, 22120, 22601, 15402, 22190, 14900, 22103, 22008, 21021, 24030, 22111
15200, 22021, 24101, 15110, 21801, 30380, 22830, 22610, 22802
14914, 27300, 15110, 30380, 11057, 14644, 25012, 25110, 25111, 14905, 15130
14080, 14722, 14594, 27300, 27400, 14121, 30380, 20014, 32403, 14900, 15605, 14903, 14905, 30010
15110, 10119, 27400, 15114, 11533, 14101, 15019, 15021, 30510, 14900, 14903, 32316, 24000, 11200, 14912, 22103, 10200, 11231, 22111, 14563, 11110, 14839
14080, 14596, 23110, 15111, 24010, 24011, 30380, 14093, 15502, 22701, 22000, 22001, 14072, 15114, 22036, 14200, 22007, 22008, 14844
25120, 14722, 27300, 23110, 15110, 22103, 15242, 15115, 30380, 15116, 15114, 22190, 15440, 27410, 14261, 15415, 14201, 27002, 10140, 23134
11301, 10150, 15110, 23110, 11305, 11303, 14090, 22701, 11022, 32143, 10000, 14834, 15130, 14715, 23132, 15101, 11231
14916, 24102, 22120, 22036, 14837, 22101, 22103, 22008, 22132, 22010, 22172
24000, 15235, 22500, 23110, 23112, 23113, 24010, 30380, 25101, 20110, 23120, 15230, 21011, 14900, 22102, 27002, 14077, 14750, 22111
15110, 15111, 22008, 15114, 15119, 14101, 14103, 22040, 15004, 14108, 25121, 30380, 30010, 15421, 14021, 23110, 22601, 14802, 23132, 30175, 11500, 30701, 30323, 14200
24010, 22102
15110, 15114, 20110, 15000, 14872, 15130, 15001, 15004, 22172, 30380, 15410, 34100, 32821, 22713, 23113, 23120, 22102, 22103, 15231, 14814, 15200, 15202, 14822, 11240, 14570, 14830, 22130, 30710, 22007, 22008, 22013, 30335
15114, 25100, 22671, 27410, 22802, 14200, 10136, 14504, 30380, 14521, 10300, 14013, 14402, 23110, 21200, 23131, 23132, 30300, 14940, 22008, 14201, 27002
40000, 11300, 33060, 15110, 14570, 24010, 14815, 30701, 14831, 14802, 22101, 21021, 22111
15232, 11141, 11531, 14860, 20110, 22034, 14870, 14871, 15004, 33060, 11300, 11302, 27300, 30380, 24010, 14800, 30161, 14802, 11220, 14811, 14815, 22500, 20202, 14830, 14831, 14838, 22008, 14841
14721, 15116, 25101, 14861, 22671, 22036, 10136, 20121, 30380, 15021, 14000, 10422, 14661, 15433, 23134, 15200, 14700, 14831, 14837, 14710, 22007, 27002, 15231
30380, 15114, 15130, 11500
14275, 22500, 24101, 15110, 27400, 30634, 25101, 14222, 14830, 22190, 22001, 21011, 22100, 22102, 21021, 22111
25120, 14596, 24010, 14860, 14861, 30350, 30380, 14802, 22130, 22100, 22102, 30231, 14841, 22715, 22716, 14815
14209, 15110, 27400, 27410, 30356, 32917, 14871, 15130, 31010, 11300, 30500, 11304, 14121, 30380, 11054, 14275, 23110, 30165, 11233, 11500, 30706, 27000, 27002
23110, 34220, 27410, 23132, 23134
14721, 15202, 15139, 10116, 14403, 15000, 14585, 15130, 15419, 14076
22013, 22172, 14083, 14090, 15115, 30380, 14091, 20110, 15114, 14573, 11057, 27410, 22008, 22170, 14076, 14013, 23134
14082, 10310, 15110, 24102, 11500, 30380, 10000, 14200, 27000, 10300
40000, 27000, 24101, 23110, 10441, 11057, 27410, 14200, 15130, 23134
27300, 11301, 25111, 15111, 15110, 14121, 30380, 22701, 14092, 25101, 27410, 10200, 10103, 15000, 22713, 15130, 10109
14720, 10114, 10117, 15110, 10119, 27400, 25101, 10000, 27410, 22034, 14750, 25120, 10401, 27300, 11303, 25130, 15411, 22712, 22713, 23132, 15200, 11110, 22000
11011, 10119, 27400, 25101, 21011, 22036, 22040, 27300, 22820, 14630, 15402, 30380, 34220, 23110, 24010, 24011, 23121, 32214, 22102, 30168, 22130, 30323, 11005, 10110
23110, 15119
27200, 14112, 34212, 15110, 11303, 23110, 15209, 24010, 15113, 30380, 11533, 34220, 22130, 22035, 11221, 21400, 22172, 10141, 22110, 22111
14721, 14723, 15110, 14091, 14092, 10000, 10130, 14100, 14105, 15004, 10141, 15263, 24101, 30380, 10440, 23113, 24011, 23121, 22101, 22103, 22120, 22000, 27002, 14846
14722, 27300, 24101, 15110, 11303, 10119, 27240, 14250, 15242, 14763, 22190, 11056, 15249, 27410, 22130, 15130, 15323, 22012
15232, 15202, 11011, 14820, 15110, 11111, 23110, 10310, 11531, 30380, 14060, 11022, 10001, 14073, 15130, 23132, 10141
27300, 30503, 11241, 30634, 30380, 30541, 15120, 22008, 15130, 27100
15232, 23110, 23112, 31017, 30380, 20110, 22111, 14064, 23121, 23120, 23132, 25012, 31029, 14033, 22071, 27002, 23131, 14076, 23134, 15231
15200, 27200, 14722, 22500, 11110, 24010, 30380, 27410, 25111, 14521
10119, 14090, 25100, 14222, 10000, 25111, 25112, 15130, 22170, 22172, 25121, 11300, 27300, 15402, 30380, 14521, 14141, 14013, 15421, 14403, 14022, 14407, 24011, 14284, 24012, 14932, 22101, 22102, 22103, 14811, 27100, 11231, 22111, 14570, 22130, 22132, 22008, 14075, 14846
22021, 15115, 27410, 11301, 30380, 14900, 14901, 14011, 34113, 14020, 14661, 23110, 23112, 23113, 15202, 22500, 23142, 11240, 14060, 14061, 14830, 14836, 14710, 15103
15232, 15110, 15115, 15119, 27410, 21400, 30365, 27300, 22190, 11055, 11058, 36030, 24000, 23110, 23120, 14931, 22103, 23131, 23132, 23134, 11234, 14830, 14837, 11000, 27002, 14843
10116, 23110, 24010, 14091, 30380, 15115, 14064, 10002, 14107
14300, 24012, 23110
15000, 15130, 23110
22020, 22021, 10502, 15110, 14092, 14860, 25101, 14223, 10000, 22030, 27410, 22035, 22036, 14101, 22171, 27000, 11300, 14250, 30380, 22702, 14255, 14260, 14032, 22102, 22103, 14300, 22111, 14052, 14822, 22002, 30323, 22005, 22007, 22008, 14844
27200, 23110, 27400, 14409, 30380, 25101, 22000, 27410, 11250, 22102, 22103, 27000, 34204, 34207
25120, 10435, 22021, 23110, 22600, 15242, 30380, 11500, 15502, 11501, 10000, 10001, 10002, 11057, 11506, 27000, 14075, 15004
15200, 23110, 15209, 15120, 14130
14403, 27300, 14091, 31021, 27410, 14101, 10133, 10141
14722, 10116, 10119, 11532, 22800, 15120, 15121, 10008, 22172, 10141, 14111, 10150, 30380, 11056, 14131, 14132, 23113, 11111, 14831, 30321, 14837, 27000
15110, 11022, 14222, 10000, 15000, 10141, 14111, 24101, 10150, 11304, 30380, 14906, 23110, 23113, 23120, 22102, 11222, 22111, 15200, 15201, 30304, 14823, 14831
27200, 10116, 14076, 15110, 15111, 27400, 21801, 23110, 30010, 30380, 22000, 23121, 27410, 14900, 22008, 20121, 22010, 27100
25120, 27200, 15114, 30380, 22010, 23132, 27410, 22102, 22008, 23131, 22170, 22715, 22716, 21021, 22111
25120, 11521, 25121, 14916, 22021, 15110, 22020, 24010, 30380, 14860, 25101, 27410, 22132, 32821, 25111, 27000, 27100, 14750
27410, 22007
10116, 22021, 15110, 22008, 25101, 20110, 27410, 24101, 15404, 22701, 30380, 40000, 30020, 23110, 14802, 15230, 27100, 23134, 27000, 10110, 15231
20121, 20130, 20110, 22007
15004, 15110, 23110, 14121, 30380, 10300, 22102, 34204, 15262, 15263
14211, 15110, 10119, 30602, 15115, 27410, 10133, 14242, 27300, 15140, 30380, 14253, 14531, 14276, 22101, 11110, 15209, 30445, 30322, 22007, 22008, 27002, 15101
14112, 23110, 14250, 14091, 14092, 27410, 14132, 14838, 14810, 22171, 22013
22021, 15110, 22008, 15113, 14091, 11022, 10002, 14200, 34204, 15004, 34207, 10150, 30380, 14078, 14900, 14142, 27200, 14281, 15440, 14043, 14050, 15202, 15211, 27000, 14842, 14076, 15230, 15231
10441, 10603, 15469
24101, 22120, 11054, 10110, 22036, 14014
14521, 15116, 15502
23110, 23134, 20110, 32368, 22100, 22102, 22103, 15230, 22111
15424, 15202, 11011, 27300, 14661, 10114, 10119, 27400, 23110, 24010, 20130, 30380, 15404, 27410, 22102, 27000, 15130, 15323, 22111
11233, 15140, 23110, 23134, 15114, 15402, 30380, 34220, 15503, 11221, 23131, 14203, 15004, 11230
27002, 27410, 27300
14721, 30338, 15110, 30728, 15114, 11532, 30231, 22170, 22172, 30365, 14754, 15139, 30380, 15410, 36020, 14528, 31425, 27200, 23110, 15435, 30169, 11230, 11241, 27000, 22010, 30331, 14844, 14845, 15230, 15231
15110, 27400, 25101, 22034, 27410, 25111, 27300, 11301, 30380, 34240, 14275, 23110, 22601, 24010, 24011, 30804, 22102, 22103, 23132, 15200, 15201, 11110, 11500, 11501, 34030, 22000, 22013
14721, 15201, 14722, 10116, 14076, 15004, 14851, 30380, 14733, 11022, 11056, 27410, 14802, 14260, 14258, 11222, 27000, 15130, 22012, 31133
10112, 14721, 14082, 15114, 14091, 14092, 10000, 10002, 14200, 14101, 15000, 10141, 10150, 30380, 23110, 22601, 22103, 22111, 11103, 14054, 22631, 22000, 22001, 22007, 22520, 15231
24000, 22007, 22020, 21000, 11400, 24010, 30380, 22702, 22001, 22034, 21011, 22036, 22102, 22071, 27000, 14846
15004, 24100, 14916, 23110, 11303, 14120, 10150, 23112, 30380, 22111, 23120, 10130, 22171, 23132, 23134, 23135
10401, 24101, 24102, 10119, 23110, 15401, 15402, 30380, 10000, 10001, 22034, 22008
15120, 15121, 22036, 22170, 22172, 21801, 36010, 30380, 22190, 36030, 27200, 14530, 23110, 14022, 24010, 14033, 22101, 22102, 22103, 23130, 22111, 22120, 11500, 11502, 22132, 22008
11522, 22020, 14091, 14092, 25101, 14222, 14352, 22034, 27410, 15130, 22171, 22172, 14112, 15139, 10150, 14630, 14631, 14121, 30380, 32300, 22190, 14130, 27200, 24000, 14275, 14021, 23110, 23120, 22102, 15320, 23134, 22111, 15333, 22130, 22132, 14839, 27000, 14076, 15231
15202, 14839, 27300, 14010, 14121, 14090, 14093, 10131, 22035, 10133, 22102, 10135, 11221, 14074, 14108, 14013, 14750
14721, 14081, 15110, 15111, 15114, 15115, 30348, 14860, 25101, 25100, 27410, 22036, 22172, 15004, 15012, 22190, 23110, 21200, 22101, 22102, 22103, 11231, 15200, 22500, 22503, 22120, 22010
14084, 11141, 10119, 27400, 14092, 14100, 15000, 10136, 10141, 11301, 10150, 11303, 33064, 14121, 10152, 30380, 30000, 30001, 22712, 22713, 10435, 30541, 30161, 10200, 14043, 27000, 10110
15502
21120, 22021, 14091, 14861, 25101, 15503, 14863, 27410, 22172, 14750, 27300, 11301, 11300, 11303, 14121, 30380, 22701, 11054, 34225, 34363, 27200, 40000, 11200, 23110, 22601, 24010, 23113, 15440, 23121, 22610, 22101, 22102, 22103, 22111, 15200, 22120, 11501, 14833, 22002, 27002, 14843
15104, 15110, 15111, 15116, 15120, 22036, 15130, 22172, 25120, 22821, 30380, 14001, 23110, 22601, 23120, 22610, 14802, 22101, 23134, 22001, 22130, 14836, 22008
22601, 24101, 22110
10113, 14241, 15202, 10150, 27400, 14121, 14091, 30380, 14092, 14094, 10136, 14200, 15130, 10141, 10110
14107, 15202, 11303, 30380, 14000, 22130, 22036, 22132, 22102, 22103, 22008, 14010, 27100, 22172, 14077, 22110
27300, 22630, 14281, 11500, 14253, 27410, 14900, 27000
32143
11041, 27300, 14916, 11110, 15110, 25101, 14800, 22001, 22801, 23121, 22102, 15000
14401, 14082, 24101, 14700, 25101, 14033, 14034, 10001, 15000, 14010, 14750
27200, 14721, 20130, 22172, 14660, 23110, 20202, 15114, 14860, 25101, 20110, 22130, 22036, 22102, 27000, 22716
15104, 14721, 15004, 14723, 14052, 23110, 14732, 30380, 22030, 23120, 22002, 22034, 22035, 22008, 23132, 10141, 14079
22020, 24101, 15402, 22100, 22101, 22102, 22103, 22172, 22111
40000, 11521, 25120, 27300, 23110, 27410, 15410, 27000
14721, 14594, 14083, 11300, 14022, 15110, 23110, 14090, 30380, 10131, 14133, 27000, 23131, 15130, 14011, 14077, 23134
27200, 27410, 25101
11521, 11300, 14216, 22120, 30380, 14060, 14040, 30448, 27000, 14202
27200, 11521, 14050, 27000, 33060, 14407, 14409, 14090, 15113, 25101, 14000, 22000, 27410, 10131, 10132, 14072, 15130, 27100, 14207
22021, 15110, 27400, 27410, 22036, 11300, 24101, 27300, 11303, 30380, 25012, 22716, 22850, 22601, 22101, 22102, 22103, 22111, 15200, 14052, 22001, 15605, 22008, 22012
27300, 22821, 22120, 22714, 22008, 22130, 22716, 22036, 25111, 27000, 14010, 22172, 23132
15401, 23134, 14022, 15231
25120, 40000, 27300, 27000
27200, 14722, 27300, 15242, 25111, 27000, 20121, 25150
14209, 23110, 11302, 11304, 14409, 15114, 14091, 30380, 15000, 22604, 15115, 22008
14112, 22021, 15114, 27002, 27410, 22007, 15130, 10141
15200, 27300, 22511, 22000, 22034, 22102, 22040, 22013, 22111
22712, 22713, 32030
14050, 27000, 22021, 27410, 10130, 22034, 25111, 22008, 10141
10150, 15111, 10440, 10119, 14090, 30380, 14130, 10131, 22710, 22007, 14201, 15130, 14076, 22013
24220, 14721, 23171, 15139, 32325, 22500, 10119, 23110, 15110, 24010, 15339, 30380, 15402, 15469, 22102, 14583, 14585, 22172, 15261
20103, 25101, 11022, 27410, 22034, 22036, 22170, 22172, 21021, 14750, 25120, 20130, 27300, 30380, 27201, 24010, 22100, 22102, 22103, 14812, 22111, 15200, 22002, 22132, 22008, 27002, 30332
10117, 15130, 15004, 14111, 10151, 15402, 30380, 14252, 11056, 14770, 14013, 15430, 15303, 15433, 14540, 14034, 22100, 22103, 15323, 14812, 22001, 14200, 14841, 14077
22021, 15110, 23113, 22040, 22701, 22702, 15000, 22000, 22001, 22008, 15004, 15230
15232, 15110, 15114, 20110, 15119, 22034, 22036, 15004, 24010, 24012, 14800, 22100, 22102, 23131, 23132, 27100, 22111, 14815, 22500, 14822, 22631, 22008
30336, 22005, 30334
14401, 30380, 15110, 21801
23110
22020, 22021, 15115, 15502, 27410, 14101, 15130, 15004, 25120, 15139, 15402, 15019, 27200, 23110, 15433, 22102, 23131, 22120, 22130, 27000, 15231
15232, 14722, 15110, 15111, 15116, 14860, 15502, 14092, 10000, 22034, 10008, 10137, 15130, 10140, 14750, 32416, 10150, 10152, 30380, 22701, 14771, 14916, 14917, 10200, 15321, 14050, 15202, 14052, 14820, 14836, 14837, 14839, 14840, 14841, 14843, 15231
14860, 11022, 22032, 22800, 25111, 25120, 27300, 11300, 22701, 11056, 22710, 23110, 23112, 14800, 23121, 22101, 22103, 27100, 14813, 23134, 14815, 14822, 22001
32323, 27400, 14860, 30380, 23120, 22034, 15250, 14811, 22013, 14366
14105
27200, 11200, 15202, 14241, 14405, 23110, 15110, 15114, 15115, 30380, 11533, 22130, 10132, 15130, 27000, 14234, 15451, 15004
15232, 27200, 14082, 23171, 14209, 11110, 15110, 11303, 14090, 14091, 14636, 14000, 14033, 14070, 27000, 14810, 15004, 15230
15200, 27200, 27300, 10116, 23110, 15110, 27400, 21000, 15115, 30380, 25101, 27410, 23132, 27000, 10201, 14076, 14015
27200, 10401, 23110, 22120, 22701, 14733, 23120, 23121, 27410, 15230, 15409, 22102, 27000, 10140, 23134, 23132
11232, 11011, 10116, 11205, 15110, 10119, 15111, 15209, 24010, 11501, 15119, 21200, 15250, 10130, 22102, 10135, 10141
11008, 14721, 23110, 23134, 15115, 30380, 11533, 14830, 14831, 23121, 14130, 14906, 11230, 21400, 14650, 11004, 14750
22021, 15110, 11400, 15116, 22034, 15250, 22036, 22180, 15012, 22190, 14000, 22713, 23110, 24010, 22101, 22111, 15200, 22500, 14831, 22001, 22130, 22008, 22010, 15230
23110, 30380, 22036, 27000, 23130
15104, 11044, 14853, 11111, 24010, 10411, 30380, 22701, 30351, 22001, 14130, 30321, 30514, 11220, 10200
14530, 14020, 15115, 30380, 30011, 15004, 15231
10435, 22500, 23110, 22120, 15240, 15242, 30380, 22701, 22190, 25005, 22520, 22102, 22008, 27002, 21021
14860, 23110, 22671
14081, 14203, 14133
22032, 24100, 24102
15104, 10114, 15110, 11533, 27410, 22036, 22180, 27300, 11302, 11300, 24101, 11303, 11304, 30380, 22190, 11056, 11057, 24010, 22100, 22111, 15200, 15202, 11110, 22007, 27000
10141
14083, 10116, 22020, 15110, 10119, 27400, 14090, 15115, 14860, 14223, 22034, 27410, 32917, 22040, 15130, 22172, 11300, 30380, 24000, 31042, 24010, 23120, 24401, 23134, 22120, 14834, 14835
15110, 10119, 14860, 11532, 11533, 10000, 10132, 22036, 30231, 22170, 22172, 10141, 14112, 27300, 10150, 11303, 10152, 14121, 20012, 30380, 11052, 11056, 15410, 14280, 14281, 30803, 14932, 11221, 14933, 22103, 22102, 22111, 11233, 11112, 22120, 27240, 30444, 15343, 30321, 14835, 14836, 15605, 30710, 22008, 14203
22713, 24010, 24100
14721, 15202, 23110, 11303, 27400, 23113, 15115, 30380, 11501, 22830, 27410, 14932, 14261, 14260, 22103, 14105, 27002, 14043, 11231
11522, 11011, 14082, 22021, 15110, 27400, 14090, 15115, 15114, 22036, 10401, 14243, 14630, 30380, 25005, 14777, 14013, 14142, 27200, 14400, 14405, 23110, 10440, 10200, 10201, 23131, 14050, 14052, 14076
14721, 14594, 10116, 15110, 10119, 15240, 27400, 15114, 14092, 11022, 15119, 22671, 27410, 22034, 22036, 20121, 10141, 25120, 10401, 27000, 30500, 10150, 27300, 30380, 22830, 14900, 14901, 14903, 14905, 10300, 27200, 22850, 14917, 23110, 14407, 10441, 14802, 30551, 10201, 14812, 22001, 14580, 22008, 10110
14560, 15110, 23110, 14281, 15402, 24011, 30380, 15242, 22030, 15000, 22610, 14837, 14839, 27000, 15130, 14043
27300, 23110, 11056, 27410, 27000, 23132
14850, 22631, 15433, 14860, 30510, 14831, 30514, 30515, 14930, 14872, 14750, 14911
27200, 14082, 27300, 27400, 10410, 11022, 22032, 21200, 11220, 22102, 27000, 22716, 36030, 22111
25120, 24101, 15110, 27240, 24010, 11500, 30380, 23150, 15119, 11056, 22130, 11220, 22102, 27100, 14750
14112, 15201, 15139, 22021, 15110, 15111, 11305, 30314, 15115, 11057, 11058, 14710, 30167, 11222, 10109, 14111
23110, 30380, 10000, 10101, 10421, 10102
15232, 27201, 15202, 27300, 22020, 15110, 14630, 23113, 15320, 15130
10116, 15110, 10119, 25101, 27410, 22034, 22036, 30360, 31004, 25120, 27300, 27000, 25130, 27200, 23110, 22600, 22601, 10201, 14811, 23132, 14812, 22630, 30822, 11240, 11500, 22004, 22008, 30330
10112, 15202, 14050, 10116, 14084, 10119, 14504, 30602, 14091, 15149, 15219, 30166, 10135, 15130, 14043, 14140
22500, 15110, 10151, 14054, 15111, 14092, 31024, 31003, 22036, 15131, 14300, 10141
14594, 22020, 22021, 27410, 22036, 22170, 22171, 22172, 10141, 25121, 15139, 30380, 23113, 24010, 22100, 30165, 22102, 30166, 22110, 22111, 11110, 11114, 22001, 22130, 15605, 22013
20130, 22007, 23110, 15110, 14822, 22190, 22001, 27410, 14710, 22103, 27100, 14812, 14845, 15231
11300, 14916, 15110, 30634, 11531, 30380, 24010, 14900, 22102, 25110, 22008, 22013, 23134, 22111
14720, 15110, 20103, 14091, 14092, 14100, 20121, 15130, 10140, 27300, 21801, 14635, 30380, 22701, 15019, 14130, 10300, 23110, 14280, 24010, 23120, 23131, 23132, 22120, 20202, 14832, 14833, 22130, 11504, 27002
34304, 14721, 11522, 10116, 22021, 22020, 10119, 14090, 11531, 14092, 14860, 15115, 10141, 27000, 30380, 22830, 14900, 14140, 14270, 22604, 34511, 34513, 22621, 22630, 27240, 11500, 11502, 15605, 22008, 22013
14594, 22020, 25101, 22010, 14232, 14873, 22171, 10141, 14241, 31012, 14632, 14636, 31022, 31024, 31029, 40000, 27200, 22603, 30161, 23132, 15202, 14054, 23142, 11112, 14073, 27002
25120, 10401, 22500, 27400, 11240, 22603, 30514, 27410, 22036, 22130, 10422, 22103, 22712
10112, 15202, 15149, 10132, 15131, 10141
15110, 10119, 22034, 27410, 22036, 21012, 14750, 31135, 31137, 14754, 25121, 21801, 30634, 30380, 14905, 22716, 24000, 14275, 14916, 14661, 31302, 14407, 22601, 34641, 22101, 22102, 15200, 22500, 22631, 22120, 15209, 14826, 14830, 21110, 22010, 14847
14944, 22500, 22631, 22120, 24010, 24012, 27002, 14928, 22001, 14802, 22130, 22036, 14833, 22102, 22103, 22002, 20121, 14010, 14750
25120, 14593, 15202, 14596, 24101, 15110, 23110, 14060, 14732, 15502, 22036, 25111, 15230
14722, 22020, 22021, 22008, 14860, 25101, 10001, 27410, 10002, 25111, 10008, 25120, 14754, 27300, 24101, 10150, 30380, 22190, 24000, 27200, 23110, 23113, 24010, 24012, 14926, 23120, 10454, 22103, 22111, 22120, 15343, 22000, 14834, 14835, 14836, 27000, 14845
24000, 15110, 15115, 11501, 22001, 34225, 14900, 22102, 14200, 14812, 24030
25120, 24000, 23110, 22631, 21000, 15110, 24010, 23121, 27410, 21011, 30522, 22716
10502, 11110, 10150, 30380, 11057, 27410, 10002, 14131, 25111
14593, 10113, 15110, 27400, 14091, 14092, 22034, 10002, 14100, 25111, 22040, 22172, 30365, 30380, 15149, 14513, 14130, 14131, 22710, 27200, 23110, 15306, 24011, 22103, 15202, 22120, 22130, 27000, 27002, 14075, 22013
27200, 22020, 21801, 23121, 22035, 22710, 22711, 22008, 22713, 31003
15242, 11531, 11533, 22030, 27410, 22034, 14100, 10141, 31133, 27300, 27000, 10150, 10151, 14504, 31017, 10152, 14513, 14132, 22071, 23110, 14034, 30420, 10201, 23131, 15202, 21110, 11511, 14200, 14076, 22013
14340, 14076, 15110, 14054, 14013, 14061, 15119, 15604, 10201, 15000, 14073, 23132, 23133, 10110
22007, 10119, 30380, 22701, 22030, 14222, 15410, 22710, 22711
11300, 10300, 11502, 10000, 14770, 14834, 14100, 14300
15110, 15115, 30380, 22860, 22830, 22000, 22001, 34225, 22101, 14710, 22102, 22008, 10141, 22111
23120, 23132, 22111
14722, 14723, 15110, 15242, 15000, 21400, 22172, 22180, 22701, 11054, 14002, 22710, 14010, 14015, 14020, 22600, 22601, 22101, 22103, 10201, 22111, 22120, 22000, 22001, 30321, 30323, 22130, 14710, 22008
14082, 22021, 15110, 15242, 11022, 22032, 25121, 11300, 14130, 14644, 14015, 14916, 23110, 14801, 14802, 14811, 23134, 14820, 14822, 15209, 14710, 10110
27400, 15240, 15114, 15115, 11532, 25101, 22008, 22800, 10000, 10130, 22034, 10132, 22036, 14870, 25111, 15000, 22040, 15130, 22802, 22172, 10141, 25120, 27300, 11301, 14121, 25130, 22701, 22190, 11056, 14010, 27200, 22601, 24010, 14800, 22100, 22102, 23132, 22500, 14822, 22000, 22001, 27000, 14073
14082, 14083, 27000, 14020, 15110, 23110, 14091, 30380, 15115, 15119, 15410, 14200, 22008, 14873, 22714, 15004
15232, 10114, 22020, 10116, 15110, 10119, 27400, 15111, 14091, 25100, 14094, 34831, 14862, 11022, 22036, 22040, 15130, 22171, 22172, 10141, 30380, 22830, 14130, 14515, 14651, 14013, 25150, 14141, 31425, 10435, 23110, 23113, 22101, 22102, 22103, 23131, 14812, 22620, 23134, 22111, 14814, 22630, 11500, 11501, 11504, 30321, 30320, 14837, 15605, 22007, 22008, 22902, 22013, 10110
27002, 22101, 23110
25101, 22701, 20103
15232, 30341, 27400, 14092, 10000, 27410, 22036, 14873, 15130, 22170, 10141, 25120, 14753, 15139, 27300, 24101, 27000, 30380, 23110, 24010, 14802, 22102, 22103, 22111, 14560, 22500, 30444, 22002, 22008, 22013
14080, 22500, 24101, 22020, 24010, 30380, 14861, 22511, 14863, 27410, 22711, 14010, 22172
22008, 24011, 32628
10401, 14722, 23110, 22600, 24010, 15242, 30380, 11532, 22002, 22101, 22102, 10300, 22111
23110, 27002, 14811, 14870
27200, 10401, 27300, 11301, 11303, 30503, 27240, 30380, 10300, 10420, 11540, 22102, 22103, 34203, 22012, 22013, 25150, 15231
40000, 20130, 27300, 23110, 22503, 15119, 22032, 22130, 15605, 14010, 22170, 22716, 22111
15104, 14594, 14083, 11011, 15110, 11400, 14863, 15120, 14200, 15000, 10140, 30380, 14257, 14130, 34106, 14013, 14530, 14403, 14020, 14021, 14022, 14275, 22600, 14300, 23132, 14943, 30308, 14054, 11241, 14834, 14835, 14837, 22008, 15230
14721, 27000, 22021, 20110, 22034, 25111, 22008, 22013
14080, 14721, 14722, 14081, 10116, 22021, 15110, 10119, 15111, 15235, 15115, 14092, 14091, 14860, 22671, 15502, 14865, 10002, 27410, 14100, 14101, 11533, 10135, 10137, 15130, 10141, 14112, 10150, 30380, 15149, 14130, 14521, 14142, 27200, 14144, 14020, 23110, 22603, 14802, 24403, 23131, 14300, 14815, 14051, 14052, 14054, 27240, 15469, 14064, 15219, 14070, 14839, 14073, 14842, 14203, 14844, 10109, 15231
15104, 15232, 14721, 14723, 14596, 15110, 15111, 15115, 14092, 14861, 14222, 15502, 15120, 15119, 22034, 14860, 14101, 14233, 15130, 15131, 30365, 14750, 21021, 15139, 11300, 11301, 11304, 15402, 30380, 11054, 14513, 14130, 14132, 14010, 15419, 14013, 14271, 14845, 14275, 14661, 23110, 24010, 22610, 10454, 22102, 14552, 14812, 11230, 22111, 15209, 30320, 14833, 22001, 15605, 22008, 15101, 14846, 15231
22501, 15110, 11301, 21801, 15114, 30380, 22701, 22190, 22830, 11502, 27410, 30323, 22900, 22101, 22610, 10201, 27002, 23132, 22013
15110, 27400, 22671, 15120, 32143, 15131, 10141, 15010, 15139, 15140, 30380, 15149, 14842, 30393, 11002, 24010, 24011, 22603, 30804, 11221, 22101, 30172, 22120, 11501, 14833, 30321, 11508, 33018, 22012
14596, 15242, 11531, 15115, 14863, 22036, 30380, 14513, 22714, 22715, 22716, 14021, 14661, 14031, 14032, 23120, 14034, 14033, 11221, 22103, 30320, 14070, 15230, 15231
15115, 30380, 23120, 22102, 22170, 27100, 14815
10112, 33016, 10113, 27000, 10150, 10119, 15110, 15114, 30380, 15119, 22034, 14835, 14100, 14101, 22102, 22036, 27410
15104, 22021, 15110, 27400, 15241, 14100, 25110, 22172, 10141, 15010, 30380, 30514, 14906, 14145, 23110, 22102, 22500, 22130, 14583, 22008, 11004, 15230
15200, 14081, 15459, 23110, 24011, 15502, 34101, 15130
11231, 30351
25120, 25121, 23110, 22120, 25130, 30380, 25101, 22190, 22001, 22034, 22036, 22102, 25111, 22008, 14076, 22111
14932, 11301
14721, 14723, 27400, 15114, 15242, 10141, 27300, 11301, 11305, 30380, 11057, 14258, 14260, 14010, 27200, 11222, 11231, 11233, 11240, 14830, 14064, 14835, 14839, 27000
14080, 14082, 11141, 15111, 11400, 14090, 15115, 14092, 11532, 14101, 10008, 15130, 15004, 10141, 10140, 14630, 10150, 11303, 14250, 30380, 14130, 14131, 10300, 14270, 23132, 23134, 14052, 14054, 14060, 14200, 22012
31028, 15405
14209, 15202, 11115, 30380, 14033, 11220, 14200, 27000, 14845, 14079
27400, 14860, 25101, 15502, 14351, 15503, 27410, 14101, 25111, 31001, 22170, 22171, 34204, 14750, 25120, 25121, 27300, 11300, 15404, 30380, 20012, 30512, 30514, 15410, 14900, 15415, 10300, 24000, 10309, 14661, 10312, 24010, 14932, 22102, 22103, 27100, 22111, 15200, 14820, 22120, 27240, 14830, 14831, 22000, 30321, 14834, 14835, 22130, 15604, 14833, 14705, 27000, 14844
10310
15104, 14082, 34053, 15110, 10119, 15241, 15115, 15243, 27410, 14100, 10132, 36010, 30380, 14132, 10421, 10300, 32325, 23110, 14034, 14812, 15202, 15459, 14050, 22120, 27002, 14076, 10111
22120, 24011, 22008, 24000
23110, 30380, 14092, 14830, 14130, 14260
27300, 11300, 23110, 15110, 30634, 22030
22601, 27002, 20110
14083, 15139, 23110, 14091, 30380, 15000, 22001, 22034, 14200, 22102, 25112, 15004
22172, 22120, 22601, 25100, 15502, 22130, 22036, 22101, 22102, 22103, 22008, 22012, 22013
27200, 23110, 15110, 27400, 21801, 15113, 15115, 22701, 22034, 27410, 14130, 27000, 15130, 22013
14721, 10116, 22020, 22008, 32012, 22034, 22036, 10136, 10008, 15004, 27300, 30380, 20012, 22716, 24012, 22101, 22102, 22103, 27100, 22110, 22111, 24030, 22631, 22120, 11120, 22130, 14834, 14835, 22900, 27000, 27002, 22012, 14846
30304, 15202, 22500, 23110, 23113, 15115, 30380, 14091, 27002, 27410, 22100, 27000, 14842, 23131, 15102, 14552
15200, 15104, 14209, 23110, 10119, 27400, 23113, 34121, 15019, 11500, 11501, 14222, 22102, 27000, 27002, 22172, 22111
15200, 24100, 15303, 30380, 24012, 22830, 22001, 22130, 14580, 30006, 10201, 22170, 10109
14082, 14723, 14052, 23110, 10119, 14092, 15119, 14064, 21200, 14034, 27410, 14802, 11230, 22715, 14140, 23134, 23132
14082, 14723, 14596, 15110, 15242, 15115, 14091, 14090, 14092, 14863, 14870, 15130, 24100, 11300, 11303, 30380, 14000, 14130, 15411, 14132, 14275, 23113, 15103, 14041, 14300, 11231, 15200, 14823, 11241, 15340, 11501, 11502, 11500, 14064, 14580, 14203, 14076, 14079
25120, 27200, 15202, 14722, 27300, 22071, 10502, 14281, 24010, 15115, 30380, 25101, 15502, 27410, 15219, 11413, 25111, 27000, 10300, 10141
24101, 22120, 30380, 22701, 30701, 22130, 22102, 22007
27400, 27410
15200, 25120, 15110, 22008, 27400, 11210, 11500, 14925, 14924, 15343, 27000, 27002, 22013, 14111
15104, 15232, 14203, 14020, 27300, 23110, 27400, 15115, 14284, 30380, 23121, 22034, 14130, 22870, 22711, 14043, 14653, 10110, 14015
14721, 10114, 14082, 14083, 15110, 10119, 15119, 27410, 14231, 10008, 15130, 24220, 10141, 14240, 25121, 27300, 24101, 14630, 24102, 14633, 34220, 22701, 24112, 14130, 14261, 14525, 14142, 27200, 23110, 23113, 24010, 24012, 22870, 23132, 27100, 23134, 14815, 15200, 14820, 14826, 15211, 14830, 15605, 27000, 27002, 14844, 14846, 14847
14720, 23110, 30124, 25101, 22001, 14931, 15605, 30166, 27000, 30170, 22110, 22111
20103, 14750, 25120, 11300, 27300, 10150, 30380, 22701, 22702, 14770, 14774, 14010, 27200, 14800, 23132, 23134, 14310, 14828, 14701, 22511, 30321, 22001, 15603, 15605, 22012
14082, 14851, 15111, 11533, 22671, 27410, 14741, 10141, 10150, 30380, 15412, 14010, 14012, 14020, 22600, 11104, 15201, 11241, 15211, 30451, 14070, 27000, 14076
27200, 27300, 24100, 27000, 10141
14593, 15110, 27400, 22008, 21012, 10137, 15130, 24220, 14112, 27300, 24101, 14120, 30380, 24000, 31425, 15433, 23120, 24401, 14034, 14802, 24403, 24400, 22103, 23131, 24030, 22111, 22120, 14826, 14831, 14836, 14840, 27002, 14843, 14845
27300, 15110, 22120, 15402, 24012, 30380, 15119, 22000, 22101, 22103
21120, 11521, 22020, 15110, 15114, 25101, 21011, 15130, 21021, 14111, 25120, 25121, 27300, 11046, 14250, 11056, 22851, 22610, 22100, 22102, 22103, 34135, 23132, 22630, 22130, 22008, 15230
27200, 22021, 15110, 24010, 30380, 14860, 22001, 27410, 14802, 22036, 27000, 10201
10116, 14342, 15110, 15240, 14092, 15502, 10001, 27410, 15130, 14242, 27300, 30380, 22701, 22702, 14000, 22713, 32316, 14140, 27200, 14531, 24010, 14541, 23121, 22102, 23134, 14943, 32352, 15200, 22111, 14310, 14054, 14060, 30446, 14837, 27000, 15101
15110, 15111, 11531, 22036, 21400, 22170, 22171, 22172, 32416, 14753, 30380, 27200, 32325, 14533, 22101, 22102, 22103, 22111, 22132, 14072, 27002
14082, 14723, 22021, 15110, 14860, 22036, 10136, 22172, 10141, 11300, 15022, 23110, 23112, 22103, 14812, 22111, 15200, 11110, 22120, 14956, 14831, 14834, 14835, 15604
15202, 14403, 21801, 22000, 27410, 27000, 15231
11010, 15110, 15111, 14860, 14861, 22172, 15012, 27300, 30380, 22190, 25012, 14014, 23110, 23113, 24010, 24011, 24012, 23132, 15202, 22500, 22130, 22007, 14840, 22010, 14847
14720, 14593, 14082, 14081, 14723, 27400, 15114, 14090, 14860, 22041, 10141, 14630, 14633, 23110, 24010, 22111, 11500, 11502, 22000, 15219, 22007, 22010, 22012, 22013
15110, 15114, 14860, 20110, 22010, 22036, 22171, 15004, 15263, 14630, 30380, 31021, 23120, 23121, 14932, 22103, 23132, 22111, 22500, 14822, 11500, 22008, 27002
14721, 22020, 27400, 11531, 15115, 14860, 30348, 30351, 15120, 22160, 27410, 14092, 30356, 21012, 25120, 25121, 32416, 27300, 24101, 30120, 30380, 22701, 30126, 14900, 22713, 15419, 32316, 14401, 23110, 23113, 34250, 30161, 15230, 10201, 22111, 15202, 22630, 22631, 33007, 15605, 27002, 14846

22021, 15110, 15115, 15130, 15004, 14750, 25120, 30380, 22190, 14770, 15415, 15419, 24000, 23110, 24011, 22103, 22111, 22120, 14701, 14830, 22130, 14834, 14835, 27000, 15230, 14079
22020, 15114, 15115, 25101, 22032, 14072, 22036, 25111, 15263, 14120, 30380, 22701, 14401, 14403, 14404, 32325, 23110, 14021, 23112, 14409, 14814, 15605, 11511, 22008, 27002, 14590
14720, 14082, 14083, 15110, 27400, 11400, 14090, 14092, 25101, 15119, 10000, 30355, 27300, 24101, 11300, 10151, 11304, 10152, 11303, 10150, 30380, 32314, 27200, 34241, 32322, 23110, 22601, 24010, 24011, 30161, 14802, 23131, 15202, 14050, 22630, 30323, 11511, 27002, 14075, 22013, 14846
15104, 14721, 22020, 15110, 15112, 15115, 10131, 22036, 22170, 22172, 15263, 25120, 25121, 27300, 14630, 30380, 15149, 14130, 23110, 22600, 22601, 24010, 14031, 14032, 14033, 22100, 22101, 22102, 22103, 23131, 23132, 23134, 22111, 22500, 22120, 15343, 22001, 22130, 22131, 22004, 14710, 22008, 14079
15110, 15113, 21001, 25100, 22040, 10141, 25121, 11300, 30124, 22701, 30380, 14010, 10435, 11221, 22102, 30171, 11230, 14820, 22500, 22631, 22000, 22001, 10100, 22007, 27002
25120, 40000, 14721, 22500, 23110, 23113, 30313, 25100, 27002, 27410, 14010, 22111
23110, 25005, 22190, 27002, 10135, 30161, 15410, 15411, 23132, 22130, 22102, 22103, 27410, 25101, 14906, 22100, 22012, 22101, 23134, 22111
14721, 14081, 15202, 23110, 15114, 23120, 27410, 14900, 31031, 27000, 14842, 22013
34051, 14860, 11533, 14352, 22800, 22802, 14613, 14873, 14750, 30380, 22701, 22702, 22830, 14000, 22713, 14015, 31425, 23110, 22601, 14800, 14811, 14813, 14815, 27000, 22010
11522, 14750, 14916, 24010, 22603, 30380, 14831, 22002, 22036, 22101, 22102, 22170, 14844, 14202, 14943
15110, 15113, 14091, 11532, 30380, 11250, 14515
27002, 22172, 22102
30336, 30723, 30727, 30348, 30352, 30353, 22160, 22036, 30356, 22172, 11300, 22180, 30634, 30514, 14002, 40000, 23112, 24012, 23121, 22100, 22102, 11110, 14054, 30700, 22130, 30330, 30333, 30334
15104, 11201, 14850, 27000, 22020, 23110, 22008, 14633, 14570, 11304, 11020, 30380, 15115, 24011, 22036, 15415, 21400, 14841, 10141, 15102
14080, 14723, 10501, 15115, 14231, 30361, 15004, 14760, 14250, 30380, 14900, 15419, 14013, 24000, 23132, 15200, 22500, 14830, 14200, 22012, 14207
11521, 14082, 15115, 15502, 15119, 15130, 27300, 15140, 33060, 34212, 30504, 30380, 34240, 10440, 34121, 11220, 22101, 22102, 22103, 22111, 22120, 14831, 27002, 30335
14596, 15110, 27400, 15115, 10000, 22036, 10135, 15130, 22172, 10141, 15139, 27300, 15401, 15402, 22711, 22714, 24000, 10309, 23110, 24010, 23120, 15320, 23132, 22110, 22111, 22500, 22120, 15339, 11502, 22001, 22130, 14834, 14835, 22013, 15231
10119, 32403, 14100, 10141, 32416, 14243, 30634, 30380, 31021, 14132, 14261, 14140, 24000, 23110, 32203, 30040, 10201, 22500, 14833, 22008, 14077, 15230
20101, 23110, 15110, 11110, 25100, 20110, 11057, 22100, 22101, 22102, 22103, 27002, 22171, 23132, 34621, 22111
22021, 10117, 11531, 14092, 22800, 22802, 22040, 30380, 22700, 22701, 14140, 23110, 14540, 34511, 22870, 15449, 22110, 11231, 30821, 30822, 14822, 22631, 11500, 22000, 22001, 22008
15232, 27400, 14091, 11533, 27410, 10132, 25111, 20121, 10141, 32416, 14754, 24100, 27300, 30380, 22701, 14900, 14260, 14906, 14912, 24000, 23110, 14284, 22101, 22102, 22103, 15202, 22001, 22007, 14844, 15231
15110, 15111, 22120, 30380, 22701, 21200, 22001, 22131, 22100, 22102, 22007, 20121, 21021, 22111
25120, 14401, 14530, 24101, 23110, 15110, 24010, 30380, 27410, 22034, 22036, 22101, 27030, 22103, 27000, 22102, 27002, 22172
27200, 10000, 10002, 10135, 10008, 10110
14722, 14860, 11532, 15502, 10002, 22040, 14873, 15401, 11057, 14661, 15442, 22111, 15200, 11105, 30700, 11502, 14835, 30707, 22007, 22008, 27002, 14844
27400, 21801, 30380, 27002, 14133, 15130, 14107, 10141, 14142
10400, 14401, 14721, 27240, 30380, 22702, 27410, 22013
40000, 14722, 15202, 15140, 23110, 27400, 21801, 15114, 15209, 30380, 14733, 27410
15339, 30380, 15440, 14513, 14515
27400, 15503, 30354, 27410, 10140, 10141, 32416, 15140, 14630, 30504, 30380, 30641, 30514, 31032, 14272, 30541, 32350, 23135, 15202, 14050, 11500, 11501, 14831, 11508, 22008, 27002
27240, 30380, 22701, 14220, 24401, 22103, 14073
27200, 14240, 14082, 10112, 27300, 15110, 23110, 11110, 15113, 10119, 27400, 14092, 25101, 30380, 27410, 14932, 20121, 27002, 14043, 22013
10113, 10114, 22021, 15110, 10502, 15114, 15115, 22034, 10002, 10137, 22172, 25130, 30380, 22701, 20012, 14513, 15410, 36023, 15419, 14655, 14405, 23110, 22102, 23134, 15202, 22120, 11500, 27000, 14843
11233, 22013, 11240, 22040, 11114, 11020, 20012, 22034, 22008, 30011, 11101, 11230
14722, 14594, 11141, 10119, 27400, 14090, 15242, 15115, 32143, 21011, 22170, 22171, 10151, 30380, 22701, 30510, 11056, 14131, 22713, 22715, 22601, 24010, 24012, 14043, 11101, 11102, 14052
15104, 10113, 15105, 10119, 15115, 21012, 22180, 15149, 22710, 22713, 27200, 14401, 31042, 23110, 14407, 14931, 14932, 27100, 22500, 22132, 15100, 10109
15202, 15139, 11301, 15110, 10000, 10201, 10137, 10140
15202, 15219, 14140, 14142
11011, 30723, 14852, 15110, 15113, 14091, 30350, 15119, 27410, 22034, 32917, 14101, 15130, 31003, 10141, 14750, 25120, 11300, 11302, 11303, 30504, 30634, 31021, 14900, 30521, 14906, 22715, 30522, 30010, 27200, 30530, 23110, 14802, 22102, 30169, 15200, 30310, 30444, 30840, 14841, 22010, 11004, 14846
22180, 23110, 15110, 27400, 11240, 22120, 22103, 14830, 22190, 15119, 22802, 21012, 22132, 22102, 22007, 15130, 22172
14083, 14054, 24010, 11022, 22511, 14000, 27410, 15605, 15130, 10300
11531, 11500, 11501
11521, 14209, 15202, 14052, 27000, 14404, 22021, 22040, 14077, 30380, 23120, 22036, 14200, 10200, 14010, 10141
15110, 10153, 15114, 15119, 15411, 25111, 10200, 10201
14721, 15202, 14275, 22500, 22120, 30380, 14860, 14513, 22801, 22802, 22036, 14870, 14710, 22715, 22012
27300, 10119, 15111, 15432, 30380, 20012, 27410, 22130, 34101, 22102, 22010, 15130, 14300
14112, 14720, 14051, 14090, 10000, 10002, 15605, 14525, 15422
27200, 27300, 10116, 23110, 24102, 27000, 27400, 11141, 21801, 10119, 11500, 20110, 21200, 27410, 14130, 10132, 25111, 21400, 10110, 14207
11530, 14091, 14092, 25101, 15119, 27410, 22035, 11300, 21801, 30380, 11056, 14770, 15410, 25012, 22714, 22715, 27200, 14403, 23110, 14920, 23112, 24010, 14932, 22103, 11230, 22111, 10109
25101, 22190, 22111, 22010, 22102, 22103, 22008, 27002, 22172, 30175
15202, 22021, 11241, 22190, 21200, 22001, 14802, 22036, 22102, 22008, 27002, 27100, 23132
11521, 27400, 24010, 15115, 30380, 15502, 34127, 14834, 14835, 15000
30304, 25120, 24000, 24100, 22021, 15110, 22600, 24010, 15115, 30161, 22130, 15410, 27410, 22013, 22111
15110, 11022, 22172, 27300, 15012, 11303, 11052, 11057, 15419, 14142, 14402, 24010, 22100, 22101, 22103, 15200, 11110, 22631, 22120, 22130, 22132
33003, 22000, 14705, 22131, 22035, 22103, 30233, 14077
14851, 15110, 15115, 30348, 14862, 10137, 11034, 14120, 30380, 22830, 14513, 14131, 14525, 14142, 14145, 14661, 23110, 23121, 23131, 23134, 27000
27300, 23110, 22120, 27410, 15410, 22036, 15230
25120, 15200, 14241, 14054, 14091, 14092, 25102, 23121, 27410, 14200, 27000, 27100, 11231
14080, 15110, 10119, 14092, 25101, 27410, 22036, 14240, 27300, 15012, 14630, 25012, 22840, 14844, 31423, 14912, 23110, 22100, 22103, 15321, 22111, 15200, 14822, 14830, 14831, 22001, 14200, 14076, 22013
15200, 15110, 22671, 14833, 15604, 22101
22180, 22500, 15110, 22120, 30380, 15116, 22102, 22172, 14750
14560, 14753, 22021, 14022, 10119, 22601, 22716, 27410, 30358, 30332
10116, 22021, 10000, 10001, 10002, 14100, 15004, 15263, 25120, 10150, 11303, 10152, 11304, 14513, 34226, 14131, 22071, 32316, 14543, 11222, 14551, 15200, 14054, 30822, 30448, 30451, 22004
25100, 10141
10119, 15115, 14091, 14092, 14860, 32917, 10137, 15004, 10141, 14120, 30380, 14260, 31425, 14845, 23110, 24010, 10319, 30800, 34900, 22101, 10201, 11104, 14050, 14052, 22013
15200, 14722, 27300, 14054, 10119, 23110, 14310, 30444, 30380, 14222, 25100, 23120, 15502, 14131, 10200, 10201, 14300, 14013, 14750
15232, 14860, 14093, 14092, 11533, 22800, 15000, 15004, 10141, 30365, 14075, 14750, 33060, 11044, 10150, 10151, 14250, 30507, 27002, 34225, 14130, 14013, 27200, 32325, 23110, 14917, 14021, 15101, 23112, 22600, 30420, 23131, 14300, 23134, 15200, 14560, 15202, 14052, 14700, 14830, 22001, 14836, 22007, 22008, 22010, 14715, 14076, 22013, 30335
15200, 11110, 27240, 27400, 15114, 30380, 22130, 22008, 23131, 23134
22020, 22021, 15110, 15114, 15116, 27410, 30356, 22036, 22170, 22171, 22172, 24101, 22071, 23113, 22101, 22102, 22103, 22111, 15200, 22500, 22501, 22000, 22130, 22007, 22008, 27002
14722, 15110, 30215, 15111, 10119, 15119, 10000, 10130, 10131, 10002, 10135, 34204, 10141, 33060, 10150, 30380, 15149, 30903, 22111, 32361, 27000
15232, 15110, 20103, 10119, 15116, 27410, 15000, 20121, 31003, 25120, 25121, 21801, 21700, 23110, 23120, 24401, 24403, 22100, 22102, 22103, 23131, 23134, 22111, 14826, 11500, 22001, 22130, 14837, 22007, 15230
25121, 14722, 23110, 15110, 30380, 15022, 22001, 27410, 22130, 27000, 27002, 15130, 15231
15200, 15232, 14076, 22021, 15110, 11100, 27400, 23110, 14092, 30380, 22802, 27410, 14130, 15231, 14105, 27002, 22172, 10141, 15230, 23135
10116, 15110, 15119, 30448, 14001, 14130, 15123, 27100
25120, 25121, 15202, 34304, 22021, 15432, 14600, 30380, 15404, 22701, 22034, 22102, 22007, 27002
11233, 14722, 30821, 24101, 15110, 15114, 11531, 11532, 14570, 30011, 10141
25120, 27000, 15110, 22601, 15115, 30380, 25101, 10300, 23120, 22001, 22034, 23121, 10200, 22170, 14043, 27100
30337, 14084, 15110, 14091, 14092, 25101, 15120, 27410, 25111, 22040, 25120, 11300, 27300, 27000, 25130, 24112, 14900, 14903, 24000, 23110, 24010, 14800, 14804, 22101, 22103, 15202, 14052, 14831, 22130, 14838, 22008
15202, 34211, 22500, 15110, 10439, 27400, 34121, 10440, 14701, 15120, 30514, 27410, 11220, 34101, 15604, 23131, 23132
15232, 14082, 20103, 27400, 15113, 14092, 14861, 25101, 22034, 27410, 22036, 14200, 25111, 20121, 15004, 24220, 25120, 20130, 27000, 14121, 30380, 22701, 11057, 14130, 22715, 27200, 14402, 23110, 14406, 23112, 30421, 22102, 22103, 15202, 11501, 22007, 22008, 14077, 15230
14721, 14722, 22021, 15110, 15111, 27400, 15114, 15242, 25101, 22671, 10000, 10002, 22036, 25111, 15130, 22172, 21021, 14111, 25120, 25121, 30500, 33060, 27300, 30503, 11303, 30380, 34220, 22190, 14131, 25405, 27200, 14275, 23110, 23113, 24010, 21200, 14800, 14801, 22100, 22101, 22102, 22103, 14810, 27100, 23132, 22111, 11104, 14815, 30821, 30822, 23141, 22120, 14701, 15469, 15343, 30832, 11504, 22130, 30710, 22007, 27000, 27002, 22013
15104, 10114, 10116, 10119, 15115, 14091, 15119, 14863, 10136, 14105, 14750, 10152, 30380, 30000, 14770, 14275, 14032, 15202, 11500, 14830, 15605
14080, 14081, 14594, 11521, 14596, 15110, 27400, 11531, 27410, 14200, 15130, 22172, 14750, 27300, 11301, 30380, 22701, 14131, 14010, 14015, 14145, 14531, 23110, 14543, 11220, 22102, 22103, 14551, 10201, 14550, 22111, 14052, 22120, 15210, 22130, 14580, 22007, 22008, 14073, 22010, 22013, 14846
14593, 14721, 22021, 15114, 14860, 14101, 20121, 15130, 15004, 14750, 11041, 11042, 14243, 15012, 14250, 30380, 14770, 10300, 11200, 10435, 11204, 23110, 23113, 14286, 14802, 14812, 27100, 11231, 15200, 22630, 11112, 32360, 30444, 14701, 14839, 15231
15104, 15232, 10119, 15116, 15120, 22801, 10002, 10008, 14750, 25121, 11300, 22702, 14510, 11056, 15410, 14010, 14012, 36030, 24401, 22102, 23132, 27100, 11230, 33001, 11501, 15343, 14831, 15605, 14200, 27002, 22013, 15230
14082, 15114, 14091, 25101, 27410, 22040, 15000, 14874, 22172, 22013, 27300, 25130, 30380, 22701, 14916, 23110, 23112, 23113, 24010, 22602, 23120, 22610, 14932, 22102, 15320, 27100, 23132, 15333, 22630, 27240, 14826, 11500, 11502, 14831, 22001, 22130, 14836, 14837, 22007, 14841, 22012, 14845, 14846
15110, 14091, 14092, 10443, 10000, 15120, 22008, 15130, 14843, 10140, 10141
15110, 15115, 11532, 14860, 22671, 14871, 14750, 11301, 11303, 30380, 22701, 22830, 15410, 10422, 14906, 23110, 10450, 14802, 11221, 14812, 30323, 22900, 27000, 27002, 14844, 14846
15104, 22007, 23110, 21801, 24010, 15209, 22000, 24401, 27410, 22036, 14804, 10103, 22008, 27002
15200, 14721, 14917, 15110, 14013, 22120, 15113, 10152, 10120, 14092, 30380, 15120, 14034, 10008, 21021
15232, 14722, 14594, 20101, 15110, 14090, 15115, 14092, 11532, 10000, 22802, 14100, 31004, 22172, 32416, 14754, 10150, 14635, 30380, 15021, 14130, 14131, 14132, 14900, 15419, 14142, 10439, 23112, 34511, 14563, 22500, 14054, 11110, 11114, 22001, 14200, 14842, 14843, 22012, 15230, 15231
14721, 27400, 11400, 15242, 22008, 22170, 15130, 22171, 14110, 14750, 14250, 30380, 30510, 14140, 14142, 14270, 14275, 22102, 30810, 22111, 15202, 14060, 22001, 22130, 14200
14721, 15115, 11022, 22802, 25120, 15012, 24101, 11301, 11304, 30380, 11054, 14000, 14130, 14902, 36022, 14013, 40000, 23110, 23120, 24401, 14802, 14801, 23121, 23131, 23132, 11230, 23135, 11233, 11114, 14830, 14833, 30323, 22008, 27002
15202, 15110, 23110, 11533, 15119, 14010, 10141, 14015
10112, 30338, 33026, 22020, 22021, 15110, 27400, 30348, 25101, 22030, 11532, 11533, 27410, 22035, 15000, 22170, 21021, 25120, 27300, 22830, 11311, 14131, 22850, 24011, 21200, 22101, 22102, 22103, 14813, 14831, 30448, 10100, 27000, 27002, 14076
15200, 22500, 24101, 22600, 24010, 10701, 22610, 22100, 22005, 22102, 27000, 22171, 22172
27200, 27300, 24101, 23110, 10119, 25111, 25101, 30321, 14801, 15604, 22101, 22103, 15000, 23131, 23132, 23134
14080, 15110, 22034, 27410, 22170, 15002, 15005, 14630, 14632, 30380, 22701, 15021, 14644, 15029, 14010, 14911, 24000, 14916, 23110, 23113, 24012, 22102, 10454, 14811, 22621, 22111, 22630, 14823, 14831, 14836, 14837, 15231
25120, 22500, 23120, 22036, 25110, 14873
14721, 23110, 10310, 23113, 30380, 14572, 15116, 30000, 36020, 30710, 23131, 10141, 14015
10116, 30340, 15240, 15242, 25100, 22671, 27410, 10137, 14620, 10141, 24220, 22702, 14515, 25012, 14520, 22714, 30164, 30165, 14552, 22631, 14714, 30332, 30335
11011, 24010, 30380, 11022, 30320, 30321, 14802, 14552, 14010, 30334
15235, 24101, 15240, 24011, 30380, 20110, 14833, 22101, 22103, 15000, 14811
10113, 14722, 10116, 10119, 15242, 14091, 15243, 14092, 15116, 15120, 15121, 27410, 22034, 10002, 10137, 10150, 30380, 14132, 14901, 14900, 31029, 14905, 14651, 14655, 31425, 14033, 30821, 22001, 22130, 22008
15202, 22500, 14661, 15110, 22021, 27400, 10150, 14090, 11531, 11052, 11532, 11055, 15120, 10000, 27410, 34032, 14130, 15605, 14101, 22036
22020, 15110, 15111, 15242, 15114, 10000, 27410, 14101, 21021, 25120, 10401, 10150, 21801, 30380, 11311, 11200, 24000, 27200, 23110, 24401, 11230, 24030, 15200, 15202, 14700, 14830, 10100, 14710, 27002
27200, 23110, 30380, 14284, 11500, 25101, 11056, 14033, 27410, 15502, 14260, 25111, 27000, 31131, 14300, 10141, 23134
14593, 10116, 27300, 30380, 27410, 10140, 10110
20130, 14310, 22630, 15113, 24010, 24012, 25005, 14092, 24112, 14033, 22002, 20121
24000, 40000, 22190, 22000, 27410, 22036
14050, 15202, 27300, 15140, 27000, 10119, 30380, 14131, 15000, 10201, 23130, 23133
15200, 27300, 22180, 22120, 25101, 14873, 14833, 14872, 20121
15232, 30337, 15110, 11531, 15120, 27410, 25111, 25121, 34211, 15402, 30380, 11057, 14130, 14531, 23110, 34121, 24010, 14540, 30161, 14802, 14812, 30448, 22008
21021, 11011, 10309, 21020, 22120, 15114, 22190, 22032, 22034, 15410, 22036, 27410, 22103, 27000, 10201, 23132, 22013, 22111
15110, 15113, 15115, 15502, 10002, 32917, 14231, 10136, 22172, 10150, 30380, 30522, 23110, 14032, 23131, 15200, 14573, 22007, 22008, 14585, 15231
15200, 15202, 27300, 22021, 15110, 23110, 22630, 22702, 14040, 27410, 14034, 22071, 22008, 15231
10112, 14080, 14082, 14722, 14721, 10113, 15110, 10116, 15240, 14090, 15242, 14092, 11532, 14093, 15501, 15503, 15502, 15120, 14101, 15000, 14105, 15130, 15140, 27000, 30380, 10109, 15412, 14132, 15415, 14145, 14020, 23110, 23121, 10201, 23131, 22111, 11104, 15200, 14054, 14572, 14060, 10102, 22008, 14203, 14845
15200, 27200, 22500, 14903, 22103, 14823, 23110, 21801, 11110, 15019, 14860, 22190, 22702, 22102, 10422, 23132
