14082, 14759, 11149, 14350, 10706, 15094, 11129, 10106
15009, 15012, 10091, 14319, 10068
14213, 14794, 14160, 14002, 14354, 14366
15009, 15012, 15590, 30248, 14573, 14544, 15094, 14330, 14651, 14268
14160, 14362, 14435, 14796
15012, 15083, 15052, 15631, 14835, 10045
14080, 14338, 10082, 15012, 15045, 30248, 10062, 14355, 15092, 15060, 30806, 14333, 14366, 15039
15009, 30248, 15631, 15094, 14267, 15038
10624, 14338, 14723, 15012, 30216, 14507, 14160, 14545, 14098
15012, 30248, 30793, 14350, 15092, 14805, 15094
30248
15012, 10086, 30248, 14313, 14442, 14123, 14475, 10062, 14322, 14098, 14293, 15094, 10007, 11383
14366, 14319
15042, 11114
14623, 15052, 10064, 15094, 33046, 10078, 14079
30310, 30248, 30170, 30198, 14330, 15067, 15036, 30269
30080, 14208, 14341, 11026, 14098, 14231, 15001, 10659, 32293, 30248, 31017, 11048, 10045, 15038, 31039, 15039, 34111, 34129, 14168, 34017, 30060, 14447, 30833, 15094
14177, 14179, 15012, 15045, 14279, 30248, 14539, 14444, 14191, 14160, 14705, 31027, 15094, 14362, 14396, 31133
14366, 34214, 30248, 11114, 14475, 15052, 14031, 10128, 14799, 15094, 14102, 14425, 14622
14177, 15042, 15012, 30248, 15083, 14544, 15572, 10038, 15094, 15641, 14010, 14366
14116, 14372, 10086, 10692, 30248, 14345, 15012, 14475, 14732, 14509, 14350, 15052, 14322, 10163, 10706, 15094, 14362, 14622, 15039
14177, 15009, 30248, 15052, 14160, 14005, 15094, 30204, 14783
14531, 30248, 14345, 14224, 14805, 14041, 14330
15012, 34214, 30248, 30730, 14570, 14767, 14160, 15631, 14035, 11094, 11129, 14366
14082, 30180, 11036, 34214, 11079, 30248, 14313, 15045, 10124, 11281, 14098, 11379, 14322, 15094, 14678, 11288, 15066, 11291, 14268
15009, 14372, 14341, 15052, 10094, 11312, 14322, 15123, 14265, 14810, 10107, 11327, 15038, 14079
14341, 10119, 14313, 14126, 15632, 34129, 10706, 10068, 10015, 33054, 14079
14722, 10632, 14346, 14224, 14362, 14108, 15007, 14752, 30248, 10033, 14794, 10064, 14160, 11224, 15577, 30170, 14173, 10080, 14177, 15077, 15078, 14442, 11116, 14573, 14319, 30833, 14322, 14196, 15094, 14070
15009, 10211, 14436, 30248, 30216, 14035, 10719
14080, 15009, 14213, 31148, 30833, 14810

11154, 14693, 15094, 11159
15009, 14179, 15012, 10086, 30248, 30833, 15060, 11097
15011, 15012, 30248, 14345, 14251, 15052, 14033, 11057, 14162, 14805, 15094, 14168, 14042, 14460
15074, 15012, 14794, 15052, 15631, 10706, 10069, 15094, 10679, 15669, 10012
10104, 14177, 15066, 15094
10724, 30248, 11115, 10124, 30798, 30062, 14191, 30004, 30262, 31094
14177, 15012, 10724, 15052, 14805, 14615, 15067, 11036, 14173
11201, 14082, 10211, 32295, 30248, 11209, 30793, 14319, 11057, 32274, 14678, 14623
14177, 14338, 14435, 10086, 10694, 14475, 10060, 15066, 14251, 14191, 15092, 15094, 14366, 10617, 10106, 15038
15073, 15009, 14148, 14341, 30248, 10729, 10154, 15083, 14092, 14189, 14446, 10062, 14345, 14344, 10163, 15060, 14261, 14651, 14622, 15039
14177, 15009, 15655, 15052, 14191
15009, 10211, 15012, 14151, 30248, 10060, 14191, 10064, 14449, 14386, 15665, 10163, 11385, 14333, 14622
11039
30248, 11225, 11026
14225, 14353, 14102, 14104, 14236, 15011, 15012, 14119, 30248, 14258, 14770, 14386, 14005, 15052, 15066, 14051, 14313, 14314, 15083, 14445, 14189, 14319, 11121, 14449, 11123, 15094, 14460, 14079
14177, 15011, 30819, 30727, 30248, 10632, 15052, 14126, 14798, 14224, 14104, 14032, 14544, 14098, 10104, 11129, 14330, 14333
30248, 10060, 14830, 11057, 14835, 15092, 15094, 14460
14705
14082, 14475, 10127, 11152, 14737, 33046, 11159, 14622, 10656, 15009, 30248, 14767, 10161, 32183, 14650, 14779, 32188, 15038, 15045, 14281, 14794, 15052, 30798, 10062, 15057, 15060, 30170, 10080, 14051, 10086, 10727, 14442, 30833, 14461, 14079
14208, 31104, 14082, 11154, 14102, 10007, 15011, 15012, 30248, 10045, 11079, 14024, 14281, 15052, 15057, 10710, 14173, 14051, 10211, 14442, 14067, 14196, 15092, 14460
14786, 14267, 30248, 31017, 14443, 14098, 31027, 14805, 10679, 31035
14435, 14116, 15078, 30248, 10060, 14770, 15094, 14362, 10107
14784, 15042, 32322, 14661, 30248, 31017, 15052, 14031, 15631, 11375, 14810, 14421, 15094, 14366, 14042, 14330, 14622
15012, 30248, 15624, 11306, 30730, 30152, 30060, 14249, 34833, 14002, 14355, 15092, 14386, 15094, 30838, 11129, 14714
15009, 14627, 15012, 10086, 30248, 14281, 15083, 15631, 10064, 14225, 10161, 14196, 10069, 15039


14372, 15590, 30248, 10703, 14322, 14258, 14262
10080, 15009, 15045, 10086, 30248, 30252, 10706, 15123, 14005, 15094, 15002, 10106
10211, 10692, 15045, 30248, 14442, 15052, 31027, 31160, 14622, 10719
15012, 15078, 30248, 14123, 15094, 33046
15010, 30248, 15063, 11156, 30039, 15039
14212, 30248, 14098, 10104, 14042, 30204
14752, 14783
30248, 15042, 15052
30080, 11014, 15083, 10062, 15577, 14714, 11263
15074, 14738, 14268, 14622
30049, 34079, 10086, 30248, 14665, 10094, 30288, 11154, 15123, 14805, 33046, 10719
10106, 15009, 14435, 15012, 14723, 30248, 14509, 10094, 10706, 10068, 14196, 14362, 14622
30248, 15052, 15039, 15094, 14045, 14079
10080, 14082, 10086, 15078, 30248, 30252, 14622
14531, 10060, 15631, 14545, 14008, 14362, 14811, 15039
14177, 15631
32006, 30248, 15052, 10706, 11379, 14293, 14366
30248, 10706, 15012
15631
15012, 15045, 30248, 15631, 14098, 14035, 15094
14044, 10062, 10060
11003
14080, 14082, 14627, 10724, 14149, 14790, 30248, 14810, 14196, 11224, 14618, 14333
14330, 14043, 14372, 15039
14307, 10086, 30248, 10163, 10007, 30269
14112, 30248, 14314, 14156, 14160, 15633, 14421, 14393, 15067
15012, 30248, 10062, 10069, 14173
30248, 11344, 15094
11144, 14001, 14372
15009, 32188, 14145, 15012, 30248, 14442, 10060, 15057, 14322, 15094, 14230, 14678, 15066, 14044, 14366, 14622
11385
14208, 10080, 10211, 30248, 10154, 10060, 10062, 10684, 15039
15584, 14177, 15042, 30819, 10107, 30248, 15052, 10062, 10064, 14810, 14196, 14102, 14330, 14331, 14301
15073, 10659, 15012, 30248, 14442, 14071, 10007, 34224, 10705, 14322, 14196, 11220, 14231, 14044
15011, 15647, 30248, 14714, 30833, 14005, 14810, 14267, 14301, 14079
30723, 30248, 11305, 30216, 14794, 30829, 11085, 15631, 34129, 30355, 11381, 30262, 15094, 30170
14177, 10116, 30248, 14313, 14366
15011, 15012, 15045, 30248, 15631
15052, 15060, 15094, 14134, 14425
14160, 30248, 14391
14338, 14020, 30248, 30204, 14475, 14064, 34001, 14546, 14160, 30192, 15060, 15094, 30170, 14044, 14110
14082, 30083, 14475, 14742, 10007, 14622, 15009, 15012, 30248, 10154, 32053, 15038, 14793, 15052, 10062, 10199, 14173, 10086, 14442, 14444, 10094, 14191, 14456
30248, 15052, 11213, 15026, 11351, 14362
14723, 15012, 10211, 10086, 30248, 14667, 10702, 14737, 10706, 11026, 14740, 14612, 11093, 14322, 11288, 11129, 10714, 10106, 15039
30248, 14258, 15094, 14431

14146
34122, 14810, 14355, 14356, 14650, 14461
30248, 14475
15012, 14247, 14794, 14475, 14098, 14293, 14678, 14393, 14043, 15039
30080, 15009, 14338, 34214, 30248, 14098, 15123, 30835, 14200, 11224, 15066
14435, 10084, 10083, 15590, 30248, 15052, 14225, 15092, 15094, 14231
30216, 30825, 15012
15009, 14338, 14247, 30248, 14281, 14233, 15039, 15667, 14104, 14393, 15066, 14267, 32383
15009, 10211, 11110, 30248, 10007, 14445, 15631, 14319, 14705, 14258, 14322, 14098, 14071, 10104, 15066, 11228, 34846
15009, 15012, 14213, 30248, 14313, 15001
14330, 14435, 10086, 30248, 11116, 11130, 14267, 10106
30248, 15012
14313, 15060
11079, 30248, 14799, 15060, 15092, 10045, 11390

15011, 10086, 30248, 14281, 14442, 14443, 10060, 14152, 11123, 15092, 14196, 15094, 10199, 11032, 14173, 14463
14338, 15048, 14126, 14357, 10104
30248, 15012, 15052
15012, 30248, 14571, 14005, 15094, 14333
14558, 30248, 14313, 30152, 14449, 15094, 14333, 14622
11106, 14338, 14436, 10726, 14268, 15564, 15052, 15600, 11281, 10706, 14064, 32215, 11224, 30170, 32188, 14333, 14622
14208, 14088, 30248, 14794, 15052, 15631, 14544, 14322, 14044
14177, 14146, 15012, 30248, 15631, 15060, 15094, 14809, 15066, 10107, 15067
10211, 11334, 32295, 14570, 14544, 15092, 11221, 15094, 10007, 15577
14267, 14319
15009, 30248, 14160, 14321, 14545, 14357
14208, 15074, 14722, 14372, 15590, 30248, 14475, 15052, 30060, 15083, 15039, 15094, 30170, 14173, 14366, 30815

14785, 15009, 15011, 15012, 34119, 30248, 11112, 30762, 15083, 15052, 14126, 14768, 14098, 15092, 32053, 14423, 15066, 15067, 14366, 15039
14758, 30248, 10091, 14126, 15631, 14350, 30833, 14740, 14265, 14268, 10109
30080, 33064, 11210, 14796, 14319, 14768, 14098, 14035, 15094, 15039
15009, 30562, 15045, 14789, 30248, 11114, 14126, 14319, 11057, 14098, 33046, 14038, 14200, 11129, 14810, 14301, 14366, 14783
15009, 15074, 30248, 14313, 15052, 15631, 14224, 10097, 14545, 14098, 14354, 14449, 15545, 14362, 14267, 10015
30248, 15092, 11123, 15052
30727, 14088, 14475, 15631, 14258
14145, 14213, 30248, 14189, 30798, 14322, 30228, 14420, 30746, 14366
30337, 15012, 14152, 30248, 11210, 15052, 11260, 30798, 14126, 14460, 11057, 11026, 31027, 15092, 14740, 30170, 30812
34214
14313, 15083, 14231, 14386, 15094, 10007, 15548, 15039
15012, 30248, 14442, 14123, 14449, 15094, 14231, 14585, 11036
14146, 15012, 30248, 14731, 10091, 10068, 14712
14208, 15073, 11036, 15092, 10012
10107, 15012, 15045, 30248, 14281, 14152, 10706, 15123, 15094, 10715, 15039
14177, 15012, 10060, 10062, 14160, 10098, 11379, 15060, 15094, 11128, 10719
15067, 34214, 32295, 30248, 10125, 30355, 30170, 14651, 10106
15631
15012, 30248, 11114, 34763, 11149, 10128, 15123, 14805, 34076, 15039
14177, 10692, 14789, 10086, 14726, 30248, 14024, 14440, 14442, 15083, 15045, 10062, 14281, 15063, 15066, 10012, 10106, 15039
14531, 15590, 11115, 10125, 15092, 14742, 15094, 15066, 11291, 14236, 15038, 15647
15009, 14372, 10086, 30248, 14442, 10730, 15052, 10064, 14160, 11154, 10706, 15092, 15094
11360, 15012, 30248, 15631, 30352, 30192, 15092, 30170
15009, 30248, 14737, 14168, 14682
14177, 15589, 30248, 14454, 11224
14210, 14084, 14350, 14098, 10007, 14247, 30248, 14265, 14779, 14268, 10045, 15039, 14279, 15048, 14793, 14794, 14544, 14033, 11221, 11094, 14173, 15074
14338, 15012, 34811, 30248, 14151, 14442, 14573, 14224, 14160, 11344, 14357, 15094, 15002, 14330, 14203, 14173, 15039
30017, 15009, 14210, 15012, 11215, 15631, 14544, 15094, 14330, 14236
10724, 30248, 15052, 14737, 14386, 10706, 14196
14041
15083, 15631
14082, 14627, 14788, 30248, 14794, 14442, 14475, 15052, 30170, 14098, 14579, 10036, 10007, 14809, 14810, 14236, 14045
30248, 34099, 34763, 14809
10211, 15045, 30248, 10632, 15083, 10062, 11311, 10064, 14834, 10163, 11092, 15094, 11159, 15066, 15038
15123, 15012, 15094, 14051
10659, 10053, 10086, 31017, 14442, 10060, 14196, 31037, 14622
10624, 15012, 10086, 30248, 14313, 10706, 14067, 11219, 10069, 14677, 14805, 30170, 14267, 14366
14818, 10211, 15012, 10659, 14118, 15011, 30248, 15052, 10062, 30033, 14098, 14805, 11260, 14366
15012, 10724, 30248, 30262, 14168, 14333
30248, 15012
14213, 30248, 14319, 14032, 14160, 11154, 32053, 15094, 14810

10080, 15009, 15012, 10724, 30248, 14098, 30804, 15060, 14366

15010, 30248, 14443, 15083, 10091, 34129, 15063, 15039
14626, 15012, 14788, 10086, 30152, 30248, 14475, 15665, 14770, 15123, 11224, 15577, 30170, 15039
14145, 14051, 14281, 14445, 14159, 14196, 14261, 14805, 14236
14208, 14338, 14475, 14612, 10106, 15009, 15012, 30248, 14509, 10161, 14268, 15045, 34122, 34763, 15052, 14162, 14803, 14168, 15066, 11098, 15067, 15590, 14442, 15083, 14445, 14196, 14712, 14330
15067, 10012, 10669
10080, 14759
14268, 15094, 15631
15009, 32395
15649, 15590, 30248, 10719, 14224, 11217, 10608, 15094, 15545, 15647
34214, 30248, 15624, 14218, 34764, 15635, 11219, 15060, 15094, 15066

15009, 15012, 30248, 14313, 30216, 31148, 15052, 30798, 11215, 30288, 14705, 14544, 11154, 14420, 15060, 30004, 30814, 15039
11079, 30248, 34175, 14475, 11375, 30832, 34001, 15094, 11159, 15039
15073, 14177, 10724, 30248, 14313, 15083, 15052, 14735, 11026, 31027, 14366, 14168, 11225, 14396, 14622, 14431
14208, 14092, 15631, 14233, 14362, 15009, 15012, 30248, 10161, 10045, 10692, 15045, 10697, 14281, 10060, 10062, 14173, 14177, 10086, 15590, 14440, 14196
14789, 30248, 14544, 11378, 11383
14564, 15045, 30248, 14189, 10069, 11128, 10106
10084, 30248, 10062, 10064, 15067, 10719
14807, 15012, 11079, 30248, 14345, 11159, 14173
15616, 32012, 15009, 30248, 14651, 15039, 15552, 14020, 14279, 14152, 14281, 15049, 14151, 15052, 14421, 14678, 14168, 10211, 10086, 14443, 14445, 14196, 11129
14435, 10211, 15590, 10086, 14794, 14156, 14032, 14265, 14622
14177, 15012, 15083, 15052, 15631, 14231, 30833, 11313, 10710, 15094, 14810, 15039
30721, 14435, 15011, 10659, 30790, 10727, 30216, 30248, 10045, 14797, 10704, 10198, 10679, 10616, 33046, 30170, 10652, 10109, 14622, 10719
15094
14435, 34214, 30248, 11209, 15052, 14318, 14545, 11026, 11123, 15057, 14196, 15094, 15060, 11128, 14366, 14079
15012, 30248, 15631, 15039, 15026, 14098, 15094, 15002, 14622, 14783

14208, 10080, 10659, 30248, 14281, 14729, 15052, 14445, 14447, 14258, 14196, 10068, 10069, 15092, 15094, 10106, 10015
14020, 15078, 30248, 14225, 14386, 14265, 11291
14338, 14788, 14033, 11123, 11159
32295
14098, 15011, 15012, 14319
14372, 15045, 10064, 14160, 14546, 14455, 14362
14177, 14810, 14689, 15012
14177, 10086, 30248, 14313, 14826, 15083, 14475, 15002, 14010, 15066
15074
11385, 15060
15012, 30248, 14313, 14442, 14475, 14123, 14509, 10060, 15092, 11069, 14591

14151, 30248, 14408, 14804, 11094, 11129, 14362, 14044, 30750
14082, 14151, 14794, 15631, 14102, 15094, 10106, 14044, 33054, 14622
14082, 30248, 11213, 15631, 15094, 15039
14546
15009, 15060, 14173

14313, 15066
15011, 15045, 30248, 14794, 14475, 15052, 11213
10705, 15092, 14805, 15094
15052
32169
14803, 10060, 10086
14146, 30248, 10185, 15052, 10060, 10608, 15092, 10069, 14678, 14102, 14168
15616, 14177, 32006, 30248, 15039, 15570, 14386, 15063, 15067, 10719
14112, 30248, 15052, 14032, 30806
14208, 14344, 14098, 11036, 14238, 15011, 14372, 30248, 14121, 10033, 14265, 15036, 15038, 15552, 10060, 14031, 15060, 14805, 15067, 15092, 14455
15009, 15066, 15083, 15039
14145, 15009, 14189, 15631, 14098, 14035, 15066, 15038, 15039
30186, 30355
30248, 14001, 15012, 15631

15009, 15011, 15012, 15045, 14436, 15052, 15057, 15060, 15066, 15067, 15036, 15038
32133, 15631, 10007, 10106, 15009, 30248, 14249, 15026, 14267, 15036, 15039, 14145, 14281, 15052, 10702, 14160, 15057, 14032, 14035, 10069, 14810, 14043, 14301, 14173, 14177, 15073, 14446, 10094, 14318, 14319, 15094, 14330, 10107
14213, 14507, 14098, 14035, 11032
15655, 30248, 14475, 14293, 14810
14443
15012, 15045, 30248, 14794, 15052, 10060, 15094, 15545, 15066, 15038, 15039
14145, 15009, 14440, 15083, 14475, 14682, 14225, 15026, 15094, 14393, 14362, 14044
15012, 10724, 14759, 30248, 15052, 15094, 14168, 10075
15009, 15074, 10129, 10107, 14719
10724, 11204, 10086, 15655, 11048, 10060, 10701, 11310, 15631, 15039, 11352, 10652, 10719
14784, 14177, 14051, 14118, 30248, 11081, 11052, 11149, 14191, 14160, 14580, 15094, 14556, 14333
15009, 15655, 15631, 14225, 10710, 14333
30248
14330, 14051, 10726, 30248, 30216, 15052, 30170, 10047
15009, 30248, 14345, 15083, 15094, 30139, 14173
10632, 30248, 15066, 15038
14810
14231, 14418, 14591

11075, 15012, 30248, 15052, 11379, 15094, 11224, 11288, 11094, 15002, 11291, 11036, 15039
10652
14627, 10724, 15012, 30248, 31017, 11114, 14123, 14544, 14705, 10608, 14102, 15094, 14810
14723, 14732, 15011, 14757, 30248, 10154, 30004, 14780, 14152, 10060, 10062, 14162, 14291, 15060, 14805, 10068, 10706, 14810, 30170, 11356, 10211, 10086, 30060, 30063, 11119, 15094, 11385, 11387, 11260

14341, 30248, 14313, 14024, 11048, 14443, 11114, 14798, 15052, 11241, 11281, 15094, 11159, 11128, 14809, 11133
14082, 10691, 14245, 14504, 30248, 14794, 14475, 10123, 15052, 15631, 14449, 14322, 10038, 14231, 11385, 14651, 10012, 15039
14338, 10120, 10124, 10125, 15631, 10127, 14097, 14098, 10012, 10652, 11036, 14112, 10659, 15012, 30248, 14509, 14268, 15038, 15039, 14281, 14794, 14031, 10068, 30170, 10208, 14177, 10080, 10211, 10724, 10086, 14573, 15094, 10107
15074, 30248, 14509, 14033, 15066, 14330, 14267, 15039
11032
14213, 14149, 14126, 14032, 30131, 14291, 15060, 14615, 14265, 30170
14230, 10087
14032, 30248, 15012, 15631
11334, 30216, 15052, 11148, 10706, 14354, 11026, 15123, 15094, 14805, 15039
30248, 10062, 10133, 10010, 10045
15009, 15012, 15049, 15052, 15092, 14651
14112, 15012, 10724, 31017, 15052, 30253, 10124, 30256, 10608, 14098, 30322, 15094, 11223
10624, 10729, 10701, 14833, 10706, 15123, 14196, 14197, 30742, 15094, 30812, 14622, 15039
15012, 15653, 10086, 31017, 14444, 14288, 10033, 15570, 10164, 14041, 14622
14016, 10053, 11301, 30248, 30256, 30355, 15094, 11224, 15039
15009, 15012, 14354, 14098, 14293, 14104
30248, 14319, 14357, 30727
14177, 15012, 14726, 30248, 14377, 14281, 14442, 14651, 15667, 10068, 14678, 15094, 10107, 14396, 11133, 14043
14338, 34195, 14357, 14233, 34077, 14622, 34079, 11048, 30248, 11129, 14795, 15052, 10705, 14810, 10719, 14177, 10724, 11241, 14442, 15094, 11385, 34815
14116, 31017, 14314, 30204, 10060, 14167, 14322, 14229, 15094, 31095, 14008, 31067, 14044, 31070
30170, 10741, 10038
15073, 10692, 10086, 10154, 10706, 15570, 15061
14785, 14786, 15012, 30727, 30248, 14794, 14475, 14573, 14191, 14319, 14097, 14544, 31027, 14580, 14224, 15123, 15094, 10137, 31035
14306, 14126, 14545, 14546, 14043, 14366
15009, 15012, 14442, 15052, 14322, 15094, 14010, 14110, 15039
14177, 10721, 10211, 30248, 14798, 14544, 10064, 10706, 10163, 15060, 10069, 14810, 14104, 14330
14208, 14112, 14338, 15012, 34214, 15052, 11159
30123, 15012
10211, 14051, 30248, 10163, 10043, 11036
15552, 15012, 30248, 14793, 14281, 14730, 10729, 15632, 14067, 14355, 14196, 15094, 14678, 15032, 10714, 14110
31017
11008, 31166, 10086, 14758, 15078, 10124, 15066, 15038, 10094, 10033, 31027, 14356, 14461, 14519, 14168, 11129, 30170, 14717, 14622
10080, 15011, 14372, 15045, 15083, 14444, 10127, 15631, 14129, 15094, 14265, 14044
30248, 14258, 15060, 10719
14121, 14794, 10091, 11114, 14797, 10062, 14705, 10007
15012, 34214, 30248, 14545, 14354, 10068

14177, 30269, 15012, 15045, 14759, 14313, 14442, 10123, 14160, 14321, 11026, 14354, 30170, 14173, 15038
10080, 14145, 14051, 14759, 14319, 14354, 15026, 14098, 14005, 14293, 14070, 15066, 14362, 14366
14435, 10692, 15045, 10086, 15052, 10060, 10062, 15631, 11154, 14098, 14036, 15094, 14167, 14265, 15066, 11388
14208, 15012, 30248, 14123, 14445, 15631, 14196, 14230, 14008, 15066, 15067, 14173
34048, 14080, 10632, 14729, 14475, 15631, 14737, 10652, 14112, 15009, 15012, 30248, 14267, 15039, 11327, 14792, 14667, 11225, 30170, 10719, 10724, 14449, 15092, 10616, 14079


15009, 10086, 30248, 14281, 10062, 15631, 14098, 30355, 15092, 14581, 14008, 14330, 30269, 15039
30248, 14322, 14265, 14362, 14079
32383
10084, 30248, 14313, 10068, 15066
14186, 14126
15009, 10722, 10214, 30248, 10091, 34764, 30060, 11129
14265, 15052, 15631
14592, 14344, 14345, 14475, 15009, 15011, 15012, 30248, 14123, 14509, 34224, 15026, 14265, 14267, 14020, 15045, 14422, 14807, 15576, 14678, 14173, 14444, 14703, 14705, 10107, 14079
14313
14082, 14213, 14727, 14475, 15632, 14737, 15123, 10106, 14622, 14241, 15009, 14330, 15012, 30248, 14769, 15545, 15039, 15554, 14024, 14794, 15052, 14799, 10706, 14805, 14167, 10714, 10719, 14177, 14691, 10724, 10727, 14313, 10729, 14830, 14322, 14579, 14196, 15092, 15094, 14712, 14458
14213, 15632, 14224, 11026, 15123, 14355, 14615, 15001, 15002, 14622, 14752, 15009, 14626, 14241, 15012, 14112, 30248, 11049, 14001, 15031, 14265, 14395, 11204, 14279, 15052, 14544, 14545, 10706, 15570, 14032, 15577, 30170, 15067, 14811, 14177, 15074, 14051, 15590, 11114, 14442, 14322, 15092, 15094, 14460, 14079
15012, 11204, 30248, 10124, 15052, 30170
11265, 33080, 11365, 32295, 30248, 30762, 30831, 30192, 30170, 10706, 15123, 15635, 15570, 11159, 11384, 15641, 14330, 30269, 14366
15009, 14807, 14179, 14372, 15012, 30248, 14475, 14682, 14714, 14224, 11154, 11219, 14356, 14322, 14455, 14648, 15066, 30170, 14461
30248, 15052, 14189
14019, 15653, 10086, 30248, 33033, 14092, 15052, 10706, 14780, 15039
15648, 15009, 10659, 15012, 15077, 10086, 14727, 30248, 15081, 14386, 30170, 14333, 14622
15052, 34224, 14231, 15001, 15581, 15039
30216, 11221
30248, 14231
14291, 11342
11036, 10086, 11334, 30248, 14313, 10652, 14251, 14737, 11220, 14421, 15094, 11221, 14041, 15066, 14265, 14396, 14781
14208, 14082, 10652, 14245, 30248, 14651, 14524, 14281, 15052, 10706, 14556, 14688, 10211, 14436, 14442, 10091, 14444, 15083, 14322, 14067, 15092, 14196, 11383, 10107
31059, 15060
11233, 11201, 14455, 15590, 30248, 14475, 15052, 14740, 14807, 14104
14338, 14224, 14098, 14354, 15001, 31133, 14366, 14622, 14752, 15649, 15011, 14246, 30248, 14510, 15545, 14780, 15554, 14545, 15057, 14291, 10066, 34129, 10068, 14810, 30170, 15067, 14045, 10730, 10091, 14705, 14322, 15094

15648, 14145, 34020, 15557, 32006, 30248, 14731, 15052, 10732, 10091, 14446, 10060, 15038, 10706, 14168, 15094, 14678, 14488, 14519, 14622

14051, 30248, 14071, 14041, 14396
11150, 15094, 30727

14208, 15011, 15012, 30248, 14440, 14123, 15083
15052
15012, 15631, 15094, 14622, 15039
14752, 14177, 10724, 30248, 10702, 32047, 14705, 10706, 11314, 15066, 10015
15073, 30248, 30833, 14196, 15094, 15577, 14330, 14395, 14622
14475, 14258, 15667, 11123, 14740, 15094, 34039, 15002, 10719
30248, 15052, 10124, 14284, 30833, 10706, 15094, 15033
10624, 14145, 14475, 15631, 14322, 14362, 14173, 14622
11144, 14071, 14475, 14200, 14230, 11159, 15002, 14622, 14372, 15012, 30248, 11057, 14268, 14020, 14789, 14281, 15052, 11215, 15060, 15065, 15066, 14041, 14051, 14826, 14445, 14449, 14322, 11123, 14196, 11379, 15094, 15092, 14712, 14079
15073, 14177, 10659, 10049, 15078, 30248, 15052, 14033, 10066, 15123, 11286, 15094
30248, 30080

14693, 15629, 14798, 15631, 11123, 14805, 15094, 11228
14080, 15009, 15012, 14408, 30248, 14033, 14678, 15002, 14622
14088, 14350, 15631, 14362, 15012, 34214, 14119, 14123, 14650, 14651, 10045, 15039, 14539, 10706, 14804, 14678, 14043, 14177, 10086, 14189, 10608, 14322, 15094, 14330, 14331
14177, 14210, 15052, 30812, 30833, 30172
14630, 15655, 30248, 14121, 14346, 14160, 14354, 30131, 10069, 15094, 14200, 30170
11168, 10211, 10086, 14719, 30248, 14151, 15052, 14231, 30833, 15123, 15060, 15094, 14230, 14044, 14622, 14431
10086
14145, 14330, 15073, 14564, 14212, 14117, 14331, 30248, 15078, 14039, 14544, 15060, 14805, 15094, 14519, 14104, 10106, 15067, 14110, 15039
30248, 15060, 15094, 15631
15009, 15012, 34801, 14805, 15094, 11129, 14236, 15039
30248, 10124, 15542, 14810, 14366
14225, 14108, 14622, 14630, 30248, 15026, 32183, 14267, 15039, 15052, 10064, 14674, 32215, 15577, 15066, 14044, 10085, 14694, 14444, 14322, 15094, 30198
15012, 32133, 32006, 30248, 15052, 15026, 15094, 11129, 14044, 14622
14112, 14313, 11114, 14544, 14810, 15026, 14353, 10068, 15028, 10198, 15094, 11224, 14362, 14366
14793, 15009, 15052, 14247
14759, 30248, 15631, 14810, 15094, 10710, 14330, 14301, 14079
14177, 14372, 10053, 11241, 14622, 14230, 15094, 14810, 14651, 14110, 15039
15012, 14213, 30248, 11241, 14798, 15631, 31027, 14200, 15066, 14810, 14651, 15038, 15039
14177, 34818, 14338, 15012, 14372, 32133, 14789, 30248, 30216, 33033, 14442, 30172, 30798, 10127, 30192, 15060, 15094, 14810, 15009, 32188

15009, 15012, 14117, 30248, 14121, 14826, 14191, 14032, 14544, 14354, 14580, 15060, 15094, 15066, 15038, 15039
14372, 14247, 14151, 30248, 14794, 14443, 15052, 14475, 32116, 15063, 14044, 14366
10628, 30216, 15631, 10007, 14366, 15012, 14245, 30248, 14123, 30256, 10033, 14779, 32188, 14789, 14281, 14793, 34764, 10706, 14803, 11094, 30170, 14177, 11234, 10211, 11114, 14442, 10094, 15094
10106, 14807, 15002, 15011, 15045, 30248, 15052, 14157, 14160, 15123, 15094, 14519, 14682, 14651, 14622
15012, 30778, 10086, 30248, 11119, 15026, 10706, 10616, 14265, 11130, 14043, 30172
14265, 14341
30216, 14573, 15060, 10685
14177, 15631, 14544, 14357, 15094, 14231, 14330, 31035, 14333
14213, 14022, 30248, 14153, 14507, 14189, 14799, 14225, 14098, 34001, 14740, 14200, 11156, 14803, 14008, 14810
14246, 30248, 14601, 14831, 14319, 14580, 14362, 14331
15012, 30248, 15052, 14196, 14069, 11129, 11100

30241, 30307, 30727, 30186, 30764, 30798, 30256, 30355, 30007, 11224, 30170
14084, 14149, 11110, 30248, 15052, 10068, 14229, 15060, 15577, 15002, 11291, 14301
14208, 14688, 15074, 10083, 15012, 14693, 14338, 30248, 30833, 14258, 14449, 15094, 14366, 14200, 15066, 14622
34241, 11106, 15653, 34175, 30248, 30216, 15052, 15057, 33009, 15635, 15092, 10133, 33046, 14366, 30040, 11129, 34106, 14622, 33054
15552, 15616, 15009, 10659, 15012, 14117, 11079, 10701, 10062, 14705, 10066, 15092, 15094, 14265, 15067, 15039
15009, 10692, 32133, 10086, 30727, 30248, 31019, 14809, 14797, 10127, 14739, 30105, 14043, 14652, 14622
11026, 15094
30819, 14694, 30248, 14281, 10060, 30253, 34384, 14238, 11221, 11129, 14233, 15067, 14366, 11327
15009, 14338, 32133, 10086, 30248, 15052, 14573, 10060, 10094, 14033, 11156, 14357, 14196, 14396, 14333
30248, 15012, 15094
30248, 14001, 15052, 14345
10080, 10211, 10702, 10161, 10706, 10007
11036, 14313, 15082, 10063, 14224, 11154, 10163, 15094, 14008, 15001, 14810, 15067, 14780, 14781
10086, 30248, 10060, 14350, 15039, 14386, 14591
14372, 30248, 14313, 14475, 10098
14341, 30248, 14313, 15632, 14736, 15123, 15094
15616, 30248, 14355, 15060, 14453, 15067
15073, 14082, 30017, 32196, 32133, 10086, 30120, 30248, 14601, 14795, 15632, 31035, 10199, 30355, 15057, 30192, 11159, 30170, 14651
30248, 14622, 14279
14404, 15012, 14151, 30248, 15052, 14798, 14322, 14362, 10045
15074, 15012, 15590, 11079, 30248, 10729, 14794, 14318, 15631, 10706, 14355, 14133, 10104, 10106, 15039
11112, 11345, 30252, 11046
14177, 14051, 32295, 30248, 14442, 14475, 15052, 14509, 11276, 10033, 30170, 11127, 15066, 14044, 10717
10080, 15077, 14794, 14475, 15052, 10706, 10003, 15123, 14291, 15002
15012, 10123, 15052, 10007, 10106, 10107, 15039
14475, 14667, 15123, 15052
30216, 15631, 30742, 11165, 14366, 30077, 15012, 32295, 30120, 31017, 30256, 11057, 30258, 31027, 30262, 30017, 15052, 14032, 14544, 14545, 14301, 30180, 30053, 10086, 14436, 14445, 30192, 11379, 15092, 11128, 14333, 11006
14785, 15631, 15039
14116, 14123, 10091, 14449, 15092, 15094, 11036
11129, 11241, 11327, 11079
10080, 14146, 15590, 30248, 14442, 14475, 14794, 14740, 10068, 11129
15012, 10719, 15631, 15060, 10107, 15039
14177, 30248, 14160, 14036, 15094, 14810, 14461
15074, 15012, 30248, 14794, 10154, 15052, 34074
14177, 15074, 14727, 14650, 15052, 10062, 14737, 14196, 10714
10080, 10060, 14678, 10007, 10045, 14622
14210, 15074, 30248, 14121, 14442, 14794, 14798, 15631, 10706, 14196, 15060, 11032, 11129, 11039
30778
11144, 15590, 14366
14752, 15011, 30248, 15052, 14705, 15094, 34039, 11129
15012, 30835, 15060, 15094
15012, 11338, 14350, 11026, 15548, 10678, 15094, 11224, 11036
14160, 14049, 33056
14362, 14564, 14431, 30248, 30027, 14443, 14350, 14224, 14067, 14356, 15094, 14650, 10106, 15039
15009, 15067
14208, 14627, 14444, 14445, 14322, 14196, 15094, 11225
14208, 14785, 14362, 15012, 15052, 14191, 14544, 14322, 10710, 15094, 14168, 14746, 14651, 15036, 14366, 10719
15052, 15631, 15028, 15094, 14043
30248, 14160, 15012
30017, 14581, 14330, 14173, 10719
14726, 15631, 14355, 32151, 10007, 34214, 14376, 14127, 15052, 10064, 15063, 15066, 14556, 30559, 11106, 10724, 30310, 14444, 10094, 30833, 10106, 10107
10060
14752, 14082, 11258, 14564, 15012, 10086, 14213, 30248, 34122, 14442, 31148, 15083, 10703, 30192, 14196, 10679, 14809, 10106
14177, 14630, 14279, 30248, 14313, 14444, 15052, 10703, 14160, 14449, 14032, 14067, 14703, 14069, 15094, 10107, 30269
14213, 32006, 14475, 14354, 14231, 15009, 34214, 14249, 10033, 14265, 14022, 14793, 14794, 15052, 10069, 14678, 30039, 14810, 30170, 15066, 14173, 14688, 15073, 15077, 15078, 10086, 30310, 14570, 15083, 14442, 14191, 33009, 15094, 33017, 14330
11224, 15012, 30248, 15052
15012, 15052, 30798, 15631, 15094, 15039
14241, 15653, 10086, 30248, 10007, 10701, 34129, 10706, 15123, 14742, 33046, 10106, 32381, 14622
15009, 15012, 14119, 31017, 10608, 14267, 15038, 15039
15009, 14177, 15012, 15015, 30248, 15092
15009, 15012, 10086, 30248, 14024, 11146, 14322, 15094, 14678, 14168
10724, 15653, 14475, 30734, 15123, 14678
15074, 30248, 15094, 15545, 14174, 34078
11140, 15012, 11046, 14313, 15052, 10062, 14738, 30750, 30046
15012, 10119, 30248, 15094, 10679, 14622
15073, 14338, 14082, 15012, 30789, 14442, 11114, 14573, 14159, 14035, 14196, 14038, 14233, 14333
11106, 15011, 15012, 34122, 10669, 15631, 30832, 14354, 15028, 34039, 34074, 15039
14208, 15009, 14435, 15012, 15045, 15590, 14458, 30248, 14794, 11159, 30170, 14322, 14678, 14071, 14362, 11036
30340, 14475, 15631, 14098, 30742, 33046, 15011, 15012, 34214, 30248, 30253, 10161, 15545, 11327, 14145, 15052, 10062, 14160, 14035, 14805, 15066, 14177, 30564, 15590, 14189, 14319, 30832, 30192, 14067, 15092
14475, 15631, 11159, 15002, 30248, 14121, 30790, 15052, 14032, 14545, 10706, 10198, 15073, 10094, 14191, 14196, 15094, 14455, 14714, 14460, 10109
14345, 10124, 10637, 15631, 15632, 14622, 14752, 14372, 14712, 30248, 14509, 14127, 14386, 14265, 14016, 15052, 14160, 14167, 14044, 15073, 14051, 14821, 14315, 14322, 14197, 14328, 11385, 14330
14212, 30216, 10632, 11148, 32402, 14354, 14236, 14110, 14366, 14112, 15009, 30248, 14001, 30269, 15038, 11337, 15052, 14032, 11221, 10710, 14421, 11093, 14810, 14177, 14322, 15092, 14838, 15094, 10619
14208, 11130, 15009, 15011, 15012, 14151, 11048, 33033, 11114, 14032, 14545, 10706, 14098, 14453, 15094, 15002, 10107, 15067, 10719
14752, 14786, 14210, 14789, 15037, 11048, 15049, 30248, 15083, 14319, 14196, 14039, 14200, 14362, 14267, 14301, 14686, 15039
15012, 14789, 14442, 10062, 10706, 10133, 10107, 15039
11265, 11154, 10012, 14366, 14112, 30248, 14126, 15039, 11204, 15052, 14160, 11091, 15060, 30170, 14810, 11227, 14573, 14579, 10741, 15094, 14330
15577, 10706, 14098
14241, 15012, 30248, 10713, 10094, 14031, 14322, 10706, 15094, 14807, 14265
14338, 32133, 14726, 14475, 14350, 11154, 14740, 14102, 31133, 15009, 11301, 30248, 15026, 14268, 15548, 14016, 14148, 14789, 15564, 34384, 10068, 14677, 14177, 14051, 14820, 10211, 15590, 14322, 15094, 14330
30017, 11234, 14020, 15590, 30248, 14313, 14442, 15052, 14460, 14160, 30170, 15092, 14740, 15066, 14236, 14622
14177, 11204, 11301, 15012, 30248, 11114, 11052, 14157, 14225, 14098, 11026, 14005, 10710, 14265, 30170, 14333, 14366
14179, 15012, 15590, 15631, 14803, 15094, 10107
15011, 15012, 14372, 30216, 14507, 14098, 30355, 14067, 33010, 11129, 11067, 10045, 30750
10148, 15094
15011, 15083, 14098, 30170, 10719
14601, 14224, 14098, 14229, 14743, 14615, 14366, 15009, 30248, 15545, 14267, 14651, 14151, 15564, 10190, 15572, 14038, 15585, 14319, 14322, 15094, 14200
14008
30017, 10086, 30248, 14313, 14665, 15631, 30833, 14803, 10164, 10107
10624, 30818, 10086, 14395, 14570, 30186, 30761, 30033, 14069, 30071, 10106, 14747, 14268, 15038
14212, 30248, 30186, 14098, 14265, 30170, 14395
15009, 15045, 30248, 14425, 15066, 14366
14080, 14622, 15012, 30248, 31017, 14133, 15038, 14784, 14281, 10703, 10063, 10706, 10069, 10080, 14177, 30819, 10729, 14442, 14573, 14455, 10106
10106, 15012, 11129, 14440, 11338, 10062, 14224, 34001, 14678, 10007, 15094, 11385, 15546, 14622
14436, 15012, 30248, 10062, 11151, 14354, 10069, 15094, 10007, 15066, 14203, 10045, 15039
10086, 30248, 11048, 14794, 15031, 14033, 14455, 14396
10080, 30248, 10007, 10107, 14110
15012, 14245, 14630, 15052, 14682

14082, 15011, 30248, 10124, 15052, 15632, 14067, 10719
14008, 14366, 15094, 14126
14212, 30216, 14475, 30734, 11026, 11036, 14238, 14112, 15009, 15012, 30248, 15039, 14145, 30789, 15052, 34764, 14678, 15067, 15074, 34039, 11129
15042, 10066, 10637, 15631
15009, 14179, 14307, 10211, 10086, 32295, 30248, 14539, 15052, 15631, 15057, 14386, 10015, 10069, 30742, 15094, 10107, 15039
15009, 15012, 15590, 15094, 14455, 14268
14732, 14092, 10637, 15632, 11154, 14102, 14104, 15001, 14362, 14622, 15011, 15012, 30248, 14001, 10045, 15039, 14281, 14665, 14794, 15052, 10706, 15060, 15066, 15067, 14177, 14313, 14442, 14444, 14322, 15092, 15094, 14071, 11258
10097, 14098, 14357, 15094, 14810, 15036
