15094, 11149, 14759, 14082, 11129, 10106, 14350;10706, 15094;15094;
15012, 15009;15012, 14319;15012;10068, 10091;15012, 15012;
14794, 14002, 14354;14366;14794;14213, 14160;14160;
15094, 14573, 30248, 14544, 14330, 14268, 15590, 14330, 14330, 14268, 14268, 15094, 14330;14651, 15012, 15012, 15009, 15012, 30248, 14651, 14651, 15012;30248;
14435;14796, 14160, 14362;
15631, 15083, 15052, 15052, 15012, 15631;14835, 15052, 15012;10045;
14355, 14355, 30248;14333, 14333, 14366, 14366, 14080, 14333, 14338, 14338, 14338, 14333;30806, 15092, 30248;15012, 10082, 10082, 15039, 14333, 30248, 14333, 14333, 14333, 14333;10082, 10062, 15060, 15060;15045;
15631, 15631;15009, 30248, 14267;14267, 15094;15038;
14338, 14507, 14507, 30216, 14160, 14338, 15012, 14545, 14098;14098, 14723, 10624, 15012;
15094, 14350;30793;15094, 14350;15092, 30248;15012, 30248;14805;
30248;
15012, 15012, 15012, 30248, 14322, 14442, 14123;15094, 10062, 14475, 10007, 10007, 30248, 11383;10086, 10086, 10086, 10086;14313;14098, 30248, 14293;
14366, 14319;
15042;11114;
10064, 15094;10078, 14079;15052, 14623;33046;
15067, 30269, 30248, 14330, 15036, 30198, 30170;30248;30170, 30310;30248;
34129, 11026, 34111, 30060, 34017, 15001, 30248, 30080, 30080;14447, 10659, 10659, 10659, 14208, 10045, 10045;32293;14341, 31039, 15038;30248, 15094;31017, 30833, 15094;14098, 30248, 15039;30080, 14231, 11048, 30248;30248, 15039, 10045;14168;
14191, 30248, 14160, 15094;30248, 14362, 14705, 14705, 14444, 14705, 14177;15094, 15012;15094, 31133, 14177, 14279, 14539;14396, 14179, 14539, 15094, 31027, 15045, 30248;
30248;15094, 15094, 14102, 14622, 30248, 14622, 14622;11114;14475;30248, 14475, 15052, 14622;30248, 14031, 14366, 10128, 14799, 30248, 14425;34214, 34214;
14366, 14010, 30248, 15083, 15083, 15641, 15641, 10038, 14544, 14010, 15012, 15042, 14177, 14177, 15083, 15572;15094;30248;
14475, 10086, 15094, 30248;15094, 15094;30248, 14345, 14116, 14322, 10163, 14362, 14732, 14732, 10706;14372, 14509, 14372, 14350, 10692, 14622, 30248;15039, 30248;15012, 15012, 15052, 30248;
30204, 15094;15052, 15052, 30248, 14177;15094, 14005;14783, 15052, 30248;15052;14160, 15052;15052, 15009;
14224, 14224, 14531, 14805;14330;30248, 14345;14041, 14041;
14366, 30248, 14767;30248, 15012;30248;30730, 30248;14570, 30248;30248;14035, 11129, 30248, 14160, 15631;34214, 11094;
11281;30180, 15094, 14268;34214, 34214, 34214, 34214, 34214;11288, 11036, 11379, 11281, 11288;14098, 15094, 30248, 15066, 14322, 10124;30248, 15094, 11079, 14678, 14082, 14082;11291;15094, 14313, 15066, 30248, 15045;
15038, 10107, 10107, 14079, 14810, 14265, 14372, 14341, 15009, 14810;11327, 15052, 11312, 10094, 14322, 11327;15123;15052;
14341;33054, 14126;14313, 10068;34129;34129, 14079;10706;15632, 10015;10119, 15632;
30248, 15094, 14108, 14346, 10064, 14070, 10033, 15077, 15577, 10033, 14160;11116, 11116;10080, 14173, 30248, 30833, 14794, 10080, 14794, 15078, 14173, 10632, 14722;14319, 14573, 14573, 14752, 14573, 14573;11224;14319, 14177, 14196, 14442, 14362, 14362, 14362, 14224, 14322, 14442, 15007, 30170, 14322;
14436, 30248, 10719, 30216, 10211, 10211, 10719;30248, 14035, 14035;15009, 15009;
14810, 15009, 31148;14080;30833;14810, 14213;

11159, 11159, 15094, 15094, 15094, 14693;15094, 15094, 15094;11154;
30248;30833, 15009, 15012, 30248, 11097;10086, 14179, 15060, 30248;
15094, 15011, 15094, 30248;15052, 15052, 15052, 14042, 15012, 30248;30248;14033, 15052, 14460, 14251, 30248;14805, 14345, 15094, 30248;11057, 11057;15012, 30248;14162, 14168;
10706, 10706;10012, 10069, 14794;15012, 15094, 15094, 15052, 15094;10679, 15074, 10679;15631, 15631;15669;
15094;10104;15094, 14177, 15066;10104;
10724, 11115, 31094, 30262, 30248;30798, 30004;30248, 30062, 14191, 10124, 10124;
14177;15012, 14173, 15067, 11036, 10724, 14805, 14615, 15052;
11201, 30248, 11057, 11209;14623, 14678;32295, 14082, 10211, 10211;30793;14319;32274;
14475;10106, 10617, 10086;15094;15038, 15094, 10060, 15066, 15066, 14177;10694, 10106, 15092, 14366;15066, 14338, 15066;14191, 14251, 14435;
15073;30248, 15009, 10729, 15083, 15083, 14189, 15009, 15073, 10154, 14341, 15060;14189, 15009, 15009, 15009, 14446, 14092, 10062, 14261, 10163, 14622;15009, 14345, 10163, 15060, 15073, 14651;15009, 15073, 30248, 14261, 15039, 14148;15009, 15073, 14344;
15052, 15052;14177, 15655, 15009, 14191;
10211, 14151, 15012, 30248, 15012, 14386, 14449;10060, 30248, 11385, 11385, 14191;15665, 10064, 10060, 14622, 30248;14333, 15009, 30248, 14333, 10163, 14333, 11385;
11039;
11225;11026, 30248;
14104, 14445, 30248, 14460, 14236, 14189, 14079, 14079, 15094, 15052;14236, 15066, 15066, 11123, 30248, 14313, 14313, 14051, 14258, 11121;15066, 15066, 15066, 15011, 15083, 14770;14051, 14102, 15094, 14051, 14225, 15052, 14449, 15012, 14005, 14051;14319, 14314, 15011, 14353, 15052, 14119, 14386;
10104;14224, 30248, 14104, 14032, 14224, 14224, 14224, 14224, 15011, 10632, 10632, 14544, 14330, 14126, 14104, 14032;14032, 14032, 14333, 14177, 14098, 15052, 14798, 14104, 11129, 30727, 14333, 30248;30819, 30248;
15092, 30248;11057;15094, 15094, 14460, 10060, 30248, 15092, 14460;15092, 14835, 14830;
14705;
30798, 30248, 30248, 15057, 15009, 15057, 14650, 32183, 14461, 30833, 15060, 15060, 15045, 30170, 15060;30248, 15057, 10080, 10062, 10086, 10656, 10080;30248, 14622, 14622;15052, 14079, 14475, 10080, 10086, 15052, 11159, 14051, 14051, 14737, 14779, 10080;10127, 10727, 32188, 14794, 33046, 10080, 30248;10080, 30248, 10161, 10062, 15057;15038;10086, 14281, 14767, 14442, 11152, 14082;
14067, 30248, 10007, 15012, 14067, 15012;14102, 14196, 14082, 14082, 15052, 14051, 10007, 10007, 10007, 14281, 14460, 14208, 14208, 15012, 15012, 14024, 14173, 14173, 30248, 14442;10710, 15012, 15012, 30248, 15011, 15011, 15011;30248, 15057, 15012, 31104;15092, 10211, 11154, 11154, 10045, 30248;11079, 11079, 11079, 15011, 15012, 15012, 15012;
31035, 10679, 10679, 14443, 14098, 14805, 31017, 30248, 14786, 31027, 14267;
15078, 15078, 10060, 30248;14435;10107, 30248, 10107, 10107, 14770, 15094;30248, 15078;14116, 15078, 14362, 15078, 15078, 14116;
14031, 14330;14661, 15042, 14622, 15631, 15631, 15094;14042, 11375, 14366, 15052, 14031, 14784;32322, 30248, 31017;14031, 14810;14421;
14355;15012, 14002, 14002, 14002, 15012, 30248;15094, 30838, 30838, 30248;14355, 14714;15624, 15092;30248, 11306, 34833, 30730, 30152, 30060, 11129;14249, 14386, 15094, 30248;
15012, 15012;15039, 15083;15039;15009;15631, 15009, 30248;15631;10064, 14225, 14196, 10069, 14281, 30248;14196, 10086, 14281, 10064;10064, 10161;14627;


14372, 14258, 30248, 14322, 14262;10703;15590;
30252, 14005, 15002, 15009, 15009, 15094, 15094;15002, 10086, 15002, 15123, 30248, 10706;15094;10106, 10080, 15002, 15045;
14442, 14622, 30248, 10719;10211, 10211, 31160, 31027, 10692;15045, 15052, 15052;15052;
30248, 33046, 15012;14123, 30248, 15012;15094, 15078, 15078;
11156;15010, 15063, 15039, 30039;15010, 30248;
10104, 10104;30204, 14212, 30248, 14042, 14098;
14752, 14783;
15042;15052, 30248;15052, 15052;15052;15052;
11014, 11263;30080, 30080, 14714;15083, 15577;10062;
14738;14622, 14268, 15074;
30248, 14805, 14805, 15123, 15123;30248, 15123, 15123, 14805, 15123, 15123, 10719, 10719;10094, 11154;33046;34079, 30288, 14665, 10086, 30049;
10068, 10068, 10068, 30248, 10068, 15012, 10068, 10068;14435, 14622, 30248;14362, 14196, 14509, 10106, 10106, 10094, 30248, 14723;15009, 10706;
15052, 30248;14045, 14079, 15094, 30248;15052, 30248, 15052, 15052;30248, 15052, 15052, 15039;
14622, 15078, 14082;15078;30248;10086, 10086;30252, 10080;
10060, 10060;15631, 10060;10060;15631, 15631, 15631, 15631, 15631, 10060, 15631, 14008;14362, 10060, 10060, 14811, 15631, 15039, 15631, 15039;14545;10060;14531, 15631, 10060;10060;10060, 10060;
14177;15631;15631;
32006, 30248;11379, 14293, 15052, 15052, 10706, 14366, 30248;15052, 30248, 15052;
30248;15012, 10706;
15631;
15631, 15012, 15012, 30248;15012, 15094, 15012, 15631, 15094, 30248;15045, 15094;14035, 14098;
10062, 14044;10060, 10060;
11003, 11003;
14333, 14196, 14618, 14080, 30248, 10724, 14790, 14082, 14149, 14627;30248, 14810;11224;
14372, 15039, 15039, 15039, 14043, 14043;14330;
10007;14307, 10086;10163, 10007, 30248, 30269;
14314, 14314, 14160, 14112, 14393, 14393;15633;15067;30248, 14421, 14421, 14156, 14156;
10062;14173, 15012, 30248;10069, 30248;
30248, 15094;11344;
11144;14372, 14001;
14322, 14230, 30248, 14230, 14230, 15094, 14442, 14044;15009, 15009, 14366, 30248, 15094;15094, 15094, 15094, 15094, 15057, 15094, 15009, 15009, 10060, 14622, 15066, 15066, 15066, 15066, 30248;15009, 32188, 14145, 15012, 15009, 15094, 30248;15094, 14678, 15009, 15094, 15009;15009;
11385;
10211, 10062, 30248, 30248, 14208;15039;10060, 10080, 10684, 10684, 10684;10060, 10154, 10062;
10064, 30248, 15042, 15584, 14196;30819, 10064, 15052, 14102;10062;10064, 30248, 14331, 14177, 14330, 14301, 14810;10064, 10107;
14196, 30248, 14231, 14231, 30248, 15012, 15073, 15012, 15073, 14322;10007, 10007, 10705;34224, 14442, 10659, 14044, 30248, 15012, 15012;11220, 14071;
30833;14267, 14810;30248;14301;30248, 14714, 14079;15011, 15647;14005, 15011;
30829, 30355, 30248, 30262, 11305, 30216, 30723;15631, 11085, 11381, 15631, 14794, 30170;15094, 30248;15094, 15094, 15094, 15094, 34129, 34129;30248;
30248, 14366, 14313;10116;10116;14177, 14177, 30248;
15631, 15011, 30248;15045, 15045;30248, 15012, 15011;
15060;14134;15052;15094, 14425, 15060;15094, 15052;
14160, 14391, 30248, 14160;
14546, 14044, 30248, 34001;14475, 30204, 14064, 14338, 30170, 14020, 14020;30248, 15094, 14110, 14110, 14110, 14160;30192;15060;
10154, 15012, 15012, 15012, 10007, 10062, 10086, 10086, 15052;14456, 14082, 14442, 14082, 30248, 14173, 14622, 15052, 14475, 15052, 14444, 14793, 14475;14191, 15009, 14742;30083, 30083;15052, 32053;15038, 30248, 10062, 10199, 10094, 10094, 10094;
30248, 15052, 15026;11213, 30248, 11351;15052, 14362, 14362;15052, 30248;
15012, 30248, 14740, 14667, 14612, 14723, 15039, 15039, 15039;10211;10714;10702, 10706;10106;11288;11129, 10086, 11093, 11026;10086;14737, 14322;
30248, 30248;14258, 15094, 15094, 15094, 14431;

14146;
34122, 14650, 14650, 14461;14650, 14461;14356, 14355;14810;
30248, 14475;
14475, 14794, 14043, 14293, 15012, 15039, 14393, 14247, 14098, 14678;
11224, 15009, 15066, 15123, 30248;34214, 30248, 34214;30835, 30080, 14338, 14098, 14200, 30248;
10084, 10084, 10084, 30248;15094, 15590, 14225, 14231, 15052, 14225;14435, 14435, 10083;10083, 10083;10083;15092;
30216, 30825, 30825, 30825, 30825, 30825, 30825;15012;
15667, 15066, 14393, 14247, 32383, 14104, 14393, 14104, 14338, 30248, 14393, 15009, 14267, 15039;14281, 14233;
30248, 15631, 15009;14258, 15066, 15066, 14445, 14322, 14071, 30248, 15066;11228;15066, 34846;10211, 14098;11110;10104;14705;14319;10007, 30248;
15009, 15009;15009, 14313, 30248;14213, 15012, 30248, 30248, 14213;15001, 15001;
11130, 14435, 30248;11116;10086, 10106;30248, 14267, 14330;30248;
30248, 15012;
14313, 15060, 15060;
11079, 11390;15092, 15060, 30248, 10045, 14799;

14442, 15011, 15092, 14443, 30248, 15011;15092, 15094, 10199, 14281, 30248, 14196;14173, 14281, 10086, 30248, 10060, 14463, 11032;30248, 10199, 11123, 14442, 14152, 10199;
15048;10104;14357, 14338, 14126;
30248, 15052, 15012;
14571, 14005, 15094, 15012, 14333, 14333, 14333, 14333, 14333, 30248;30248;
15094;14333, 14449, 14333, 14333, 14333, 14333, 14333, 30248, 14333, 14313, 14313, 14622, 14333, 14333, 14558, 14333;30152;
11224;14268, 32188;30170, 10726;32215, 10706;32215;14622, 15600, 15564;11106, 11281;14436;14338, 14333, 15052, 14064;
14088, 14544, 14544;15052;14322, 14208, 15631, 14322, 14794, 14322, 14044, 30248, 14044, 14794, 14322;15052;
10107, 30248;15066, 14177, 14146, 15067, 14177;15012, 14809, 15012, 15094, 15631, 15012;15012, 15631, 30248, 15012;15094, 15060, 15094, 15094, 15094, 15094;14809;
32295, 10211;11221, 11334;14544, 15094;14570, 15092, 15577;10007;
14267;14319;
14321;14160;15009, 15009, 30248;15009;14160, 14545;14357;
30248, 15074, 15094, 15094, 30815, 15094;15590, 15052, 14475, 15039, 14366, 30170, 30248;14372, 14208, 14208, 14208, 14208;15094, 30060, 15094, 30248;14173, 15052, 15083, 14722;15094, 15094, 15094;

15092, 14366, 34119, 30248, 11112, 15092, 14768, 30762, 30762;15067, 15067, 15067;14423;30248, 14785;32053, 15066, 15012, 15011, 14098, 15066, 14126;15011, 15092, 15011;15052, 15052, 15039, 15083, 15011, 15009;15052;
30248;10109, 10091;14740, 14126, 15631, 15631, 14758, 14126, 30248, 14268, 15631, 30248, 14740, 14740;30833;14350;14265;
15094, 15094;14768, 11210;30080, 15039, 33064;14098, 14796, 15094;14035, 14319;
11057;14200, 14098, 15045, 30248;30248, 14301, 14366, 14789, 14783;30248, 33046, 14126, 33046, 33046, 15009;14038, 30562, 14200;11114;14098, 11129, 14319;14200, 14810, 14810, 30248, 14098;
15545, 14267, 14267;10097;10015, 14313;15052, 15052, 14224, 30248, 14362, 15631;15009, 15074;14545, 14098;14354;14449, 14449;
11123, 15052, 30248, 15092;
30727, 15631, 14475;14258, 14088;14258;
30228;14322, 14366, 14189, 14322;14213, 14420, 14322, 14366, 14322, 14145;30746, 30248, 30746, 30798;
15012, 11057, 11210;30337, 31027, 31027, 14152, 30170, 30798, 11026, 30812, 30812;15012, 30248;15052, 14126, 15052;11260, 14460, 15092, 14740;11026;15092;
34214;
14313, 15548, 15548, 10007, 15094, 14386, 14231;15039, 14386, 15039, 15083;15039, 15094;
15012, 15012, 15012, 15012, 15012, 30248, 14449;15012, 30248;14231, 14442, 14442, 30248, 14442;30248, 14442, 14123, 15094, 15094, 11036, 14585;14585;
10068;14731, 15012, 30248, 14712, 30248, 14146, 14146, 14731, 14731, 14731, 10091;
15073;14208, 15092;11036;10012;
10706, 30248, 15123, 15045, 15045, 15094, 10715;10107, 14281, 14152, 15039, 30248;15012;
11128, 10719;10062;15060;15094;10098;14177;11379, 11379;14160;14177;15012, 10060, 10060;14177;
30248, 32295;30170, 30248, 10106, 14651, 10125;30248;30248, 34214, 34214;15067, 30355;
15631;
15123, 30248;14805, 11149, 10128, 10128;34763, 34076, 34076, 34763;15039, 15039, 11149;15012, 11114, 30248;
14789;15039, 30248, 10062, 10012, 14177;10086, 10086, 14177, 10692, 14024, 15066, 15066, 15066, 10692, 10692, 14440, 30248, 14177, 14726, 10106, 15063, 14442, 15083, 15045, 14281, 14440;
11291;14742, 14236, 14742, 14742, 15066, 15038, 10125;11115;15094;15590, 15092, 15647;14531;
10064, 14372, 10086, 10086, 11154, 15094, 30248, 14160, 14442;15094;15092, 10706, 10706, 10730, 30248, 15052, 15009;
30170, 30248;15012, 30352, 15631, 15092, 11360, 30192;
14737, 14737;14737, 14737;30248, 14737, 14737;30248, 15009;15009;30248, 14168, 14168;14682;
14177, 30248, 15589;11224;30248, 15589, 15589;15589, 15589, 15589, 15589, 15589, 15589, 14454;30248, 15589, 15589;30248;
14793, 14350, 14350, 14098, 30248, 14247, 14033, 14033, 14279, 14173, 11094, 15039, 14544;14794, 30248, 14084, 10045;14268, 14794, 14779, 14779;14268, 14265, 11221, 30248;15048, 30248, 10007, 14210, 15074;
14224;14338, 14357, 15012, 15012, 14203, 14573, 14573, 14573, 14573, 14338, 14338, 15012;34811;14338, 14330, 14338, 15094, 14338, 14573, 14573, 14160;15002, 14442, 14442;14173, 14442, 30248, 14173, 15039, 15039, 14151;11344, 11344;
14236, 14330, 30017, 15009;14210, 15012, 11215, 15094, 15631, 14544;
14386, 14196, 10724, 30248, 15052, 10706, 14737, 14386, 15052;30248;
14041;
15631, 15083;
14442, 14045, 14794, 14788, 14788, 14788, 14236, 14082, 14475, 14809, 14627, 30248;14098, 14810, 14579;10007, 10036;15052;14579;30170;
30248;34763, 34099, 30248;30248;30248;14809;
30248, 15083, 15083, 15083, 15045, 15094, 15083, 15094;14834, 10064, 10064;15045, 15083, 11092, 10163, 15094, 15066, 15038, 10062, 10062, 11159, 30248, 11159, 10211, 11311, 10632;15045;
15094;15012;15012;15094;15123;15012;15012;14051;
31017, 31037;10053, 10659, 14622;14442, 10086, 10060, 10060, 14196;
10086, 30248, 14366;10086;10069, 10069;10069, 10624, 10624, 10624, 14067;14677, 30170, 15012, 14267, 14313, 14313, 14805, 11219, 15012, 30248, 10706;
15052, 15052, 15052, 15052, 15012;11260;30248, 30033, 15052, 15052, 14366, 10211;10659, 10659, 14818, 14098, 14118;15011, 10062, 14805;
14333, 15012, 10724, 15012, 14333, 14333, 14333;14168, 30262;15012, 30248, 15012, 15012;15012, 15012, 10724, 30248, 15012;
30248;15012, 30248;
14810, 15094, 15094, 14810, 30248, 14810, 14810, 14810, 14810;30248;32053, 14319;30248;30248, 11154;30248;14032, 14160, 30248;30248;14213, 14213, 14213, 14213, 14213;

14098;10724, 15012, 30804, 15009, 15060;10080, 15009, 15009, 15009, 30248;14366;

34129;15039, 30248;15039, 14443;15039;15010, 15063, 15083, 15083, 15039, 15063, 15063;10091, 10091, 15039;
11224;14626, 14788;15012, 15012, 15012, 30152, 15577, 15577, 30170, 15012;30248, 14475, 14770;10086;15665, 15123;15039;
14145, 14159;14261;14236, 14051, 14805, 14445, 14445, 14281, 14281, 14196;
14509, 14475, 14208, 15083, 15083, 15052, 15045, 15045, 15012, 14338, 14445, 30248, 14162, 15009, 15009, 14803, 34763, 14208, 15066, 14168, 34122, 14442, 14338, 14338;30248, 14330, 14330;11098;14196, 10106, 10106, 15009, 15590, 14196, 15009, 14712, 14208, 10161, 10106, 30248, 14268, 15067, 15012, 14612;
10012, 15067, 10669;
10080;14759;
15094, 14268, 15631;
32395, 15009;
15590, 11217, 15647, 30248, 14224, 15647;15545, 15649, 10719, 10608, 30248;15094, 30248;30248;
15066, 30248, 15094;34214, 34764, 15635, 15635;14218, 15624;15624, 11219, 15060, 30248, 15624, 15094, 11219;15094;

30288, 14420, 14705, 30248, 31148, 31148, 31148, 14544;15060, 15060;15012;15012;11215;14313, 15012, 11154;15052, 30798, 30814, 30216, 15039;15009, 15060, 30288, 30004, 30248, 15009;
15094, 30248, 15039, 11159, 11079, 30832;11375;15094;14475, 34001, 34175, 34175;
14622, 14366, 11225;11026, 15073, 15052, 10724, 14313, 14313, 14168, 30248;14396, 15083, 15083, 14735, 31027, 15083, 30248, 14431, 14431, 15083, 14396, 14396, 14177, 14313;
15009, 14362, 14208, 14196, 15012, 14092, 15009, 30248, 14173, 14173, 10062, 14233, 14233, 10045;14177, 15045;10086;14177, 14177;10161, 10161, 14177, 14177;15045;10060;14177;14177, 10697, 10692;10697, 10697;14196, 14196;15631, 10692, 10692;14177;14281, 14196, 14233, 14440, 30248;14177;15590;14177;
30248;14789, 14544;30248;11378, 11383;30248;
11128, 14564;15045, 10106, 10069, 10106, 10069, 30248;14189;
15067, 15067, 10062, 10062, 30248, 10084, 10084, 10719;10064;
15012;30248, 15012;14173, 14807, 11159, 14173, 11079, 30248;30248;30248;14345, 15012;30248;
14279, 15009, 14196, 14445, 30248, 11129, 14020, 14168, 14281, 32012, 10211, 10211;14152, 15052, 30248, 10086, 14443;15616, 30248;15616, 30248, 14281, 15552, 14168, 14678;14678, 14421, 15049, 14651, 14151, 30248, 14651, 15039, 15009;
14435, 10211, 10086, 14622, 10086, 15590, 14794, 14156;14622, 14265, 14265, 14265, 14032;
15039, 15094, 15039;15012, 15012, 15012, 10710;30833, 15631, 14810, 15052, 14177, 14177;15094, 15094, 14231, 15012;15039;11313;15039, 15052, 15039;15039, 14177;15083, 15052;
30216, 14435, 10109, 10719, 10679;10616, 15011, 15011, 10652, 14622, 10198, 10045, 14797, 30248, 10616;10727, 30790, 30721, 30721, 10659, 10727, 10109, 30248, 30170, 10679;33046, 10704, 10704;
15094;
14545, 30248, 30248, 11123, 11123;11209, 11128;14435, 30248, 11026, 14366;15094, 15057, 14196, 30248, 34214, 34214;30248, 15052, 30248;14435, 30248;30248;14318, 14079, 14079, 30248, 15060;14196, 30248;
15631, 15631, 15631, 15631, 15631, 15631, 15631, 15631, 15631, 15026, 15002, 15631;15094, 15631, 15631, 15631, 15631, 15094;15026, 15631, 15012;15631, 14098, 15094, 30248;15026, 14783, 14622, 15039;

14196, 14208, 10015, 14208;10068, 10080, 30248, 10068, 10080, 14208, 14208;14281, 30248, 10069, 10659, 14729, 14208, 14258, 14447, 14447, 14445;10069, 10106, 15052, 15092, 15094;
14225;15078;30248, 11291, 14386, 14020;14386, 14265, 14225;
11159, 11123;14338, 14033, 14788;
32295;
14098;15012;15011;15012;15012;15012;15012;14319;
14372, 10064, 14362, 14455, 14455, 14455, 15045;14160, 14160;14546;
14177;14810;14689, 15012;
14826, 10086;15002, 14177, 15066, 15083, 15083, 14010, 14313, 30248;14475;
15074;
15060;11385;
11069;14509, 15012, 14475, 30248, 14442, 15092;15092, 14313;14123, 10060, 14591, 14591;

30750, 14151, 30248, 14804, 11094, 14362, 11129, 14044, 14408;
14044, 14082;14151, 15094;14102, 14102, 10106, 10106;14794, 14044;33054;14794;15631;14102, 14622;
15094, 15631;14082;11213, 15094;30248;15094, 15094;15039, 15094;
14546;
14173, 15009;15060;

15066, 14313;
15052, 30248;15011, 14475, 15045, 14794, 11213, 30248, 15052;
10705, 10705, 10705;14805;14805;15092;15094, 14805;
15052;
32169;
10086, 10060;10086;10086;14803, 14803;
10608, 10185, 10185, 15052, 30248;15092, 14678, 14102, 10069, 10069, 30248, 14146;30248, 14168, 10060;
30248, 10719, 32006;15570, 30248, 14386, 14386, 14177, 14177, 15616, 15067;15063, 15067, 15039;
15052;30248;30248;14112, 30248;30806;30248, 14032;
14031, 15067, 15036, 15060, 30248;11036, 14805;14121, 14238, 14098, 15552, 30248;14455, 14208, 10033, 10033, 14344, 15011, 14372, 10060, 14265, 30248, 15038, 15038, 15092, 15092;
15039;15083, 15066, 15066;15009;
15039;14035, 14145, 14098, 14189;14098, 15631;15038, 15009;15066;15039;
30186, 30355;
15631, 30248, 14001, 15012;15631, 30248, 15012;

15012, 15066, 15009, 15038;15067, 15036;15012;15060, 15009, 15012;15038, 15057, 15052;15038, 15009, 15052, 15011;15045, 14436, 15012, 15009;
10107, 10094, 10094, 14160, 15052, 15036, 14267, 14173, 30248, 14043, 14330, 15026;15631, 14318, 15631, 10069, 14318, 14810, 14810, 15057, 14301, 14318, 30248, 14810, 14301, 15094, 14145, 14281, 14446, 15631, 10106, 14810, 14810;14032, 30248, 32133, 15094, 15052, 14319, 15631, 14249, 15094, 14035;10007, 10702, 15039, 15094;10107, 14177, 15009, 10107, 10107, 15009, 15009, 15073, 15009, 14177, 15009;
14035, 14507;14507, 14098;14507, 11032, 14098, 14507, 14213;14098;
14475, 30248;14810, 14293, 14810;15655;30248;
14443;
15039, 15012, 14794, 15545, 15052, 14794, 15094;15045, 15038, 15038, 15038, 15012, 15038, 15012, 10060, 30248, 15038, 15094;15094, 15094;15012, 15012, 15012;15066, 15066, 15039;
14145;15094, 15009;14440, 14044;15026, 14225, 14362;15083, 15009;14393, 14393, 14440, 14682, 14475;
10724, 15012;10075, 14168;30248, 15052, 14759, 14759, 14759, 15094;30248;
10129, 10107;14719;15009;15074;15009;
10719, 10724, 10086, 10719;15655, 11352, 11204, 11310;10652, 11048, 10060, 10701, 10701, 10701, 11048;15631, 15039;15631;
14784, 15094, 14177, 14333, 30248, 14784, 11081, 14191, 14191, 15094, 14160, 14160, 14118;11052;14580, 30248, 14580, 14784, 14580, 15094;14051, 30248, 14051, 14556, 11149;
14333, 14225;15631, 15009;15655, 10710, 15631, 15655, 15631;
30248;
10726, 10047, 15052;14051, 30248, 30170, 14330, 14330, 14330, 14330, 30170, 14330, 30216, 14330;
15094, 30248, 30248, 30139, 15083, 14173, 15009, 15009;14345;
10632, 10632, 10632;15066, 15038, 30248;
14810, 14810;
14591, 14231, 14418;

15002, 15012;15052, 30248;11075, 11036, 11288, 15094, 11224, 15039, 11094, 11291, 11379;
10652;
14123, 14627, 10724, 30248, 10724;14544, 14544, 14705;11114;10608;14102, 10724;15094, 31017;15012, 15012;14810;
11356, 11387;30170, 15011, 30063, 15060, 30170, 14291, 14291;30248, 14162, 14780, 14757, 10154, 14732, 10062, 14723, 14810;11260, 11119;14805, 10211, 10211, 10060, 14152, 30248, 14805;30248, 10068, 10706;30248, 15094, 11385;30004, 30060, 30248;10086;

30248, 14024, 14313, 14798;11133, 11048, 11281, 11159, 11159, 11159;14809, 14443, 14341, 14809, 14809, 14809;14313, 14341, 15094;11128, 11114, 15052;11159, 30248, 11241;
14504, 10012;30248, 14475, 14082, 10691, 10691, 10123, 10123, 10123;14794, 14082, 14082, 14082;10123, 14651, 14322, 14449, 14082;15039, 14231;11385;15052, 14245, 15052, 10038, 15631, 15631, 14322, 14322;14794;
10086;30248, 10086, 10086, 10086;15039;10211, 10211, 10211, 10652;10125, 10208;15012, 30248, 15012, 15012;15012;30248, 14177, 15038, 15038, 15038, 15038, 15038, 15038, 14281;15039, 15631;14794, 30248, 10012, 10012, 15631, 15631;10012, 10012;15094, 30170;14097, 10068, 14573, 14573, 14338, 14031;10724, 14509, 14268, 30248;10127, 10211, 10080, 10124;10068, 15631, 15631, 15631;15631, 14338, 10127, 10080, 10080, 14573, 14573, 10127, 30248, 10107, 10659, 10659, 10107, 10127, 14338, 10124, 10127, 10124;14098, 14112;10068;10120, 10120, 30248, 10127, 10127, 11036, 10127, 10127, 10125;
14330, 15039, 15039;30248, 14267, 15074, 14267;14033, 15066, 14509, 30248;15066, 30248;
11032;
14615, 30170, 30131, 30131, 14213, 14126, 14265, 14615;14149, 14149, 14149, 14291, 14213, 15060, 14032;
10087;14230, 14230;
14032;15012;30248, 15012;15631;
14354;11026;15094, 30216, 15094;10706, 15123, 15123, 15123;15052, 15052, 10706, 15052, 14805, 14805, 15039;11148, 11334;
10062, 30248, 10133, 10010, 10133, 10045;10133, 10045;10133;
15049;15009, 15052, 15052, 15052, 15052;15009, 15012, 14651, 15009, 15049, 15009;15092;
15052;15052;15052;15052;15094;31017;11223;15052;15094;14098, 30253, 14112;30256, 30322;15094;15012;10124, 10608, 10608, 10724, 10724, 10124;
30812, 10701, 10706, 30742;15039, 15094;10729, 10729, 10729, 10729, 14622;14622, 14622;15094, 15094, 14833, 10624, 14196;14196, 15039, 15123, 14197;
10033, 14288;14041, 15012, 15570, 14041, 31017;14444, 10033, 10033, 15653, 10086, 14622, 10164;
11224, 11301;30248;30248;10053;30248;15039, 30256, 30355;14016, 14016, 15094, 30248;
15009, 15009, 14293, 14354, 14104;15012;14098;
30727;30248;14357, 14357, 14319;
30248, 14678;10107, 10107, 14377, 14177, 14177;10068, 15094, 14651, 14396, 14281, 14442;15012, 15667, 14043, 11133;14726, 15094;
14338, 14338, 14442, 14357, 14357, 11129, 14177, 14233, 14177, 11048, 11048, 14442, 14442, 11241, 11241, 14810, 14810;14622, 14622, 15052, 15094, 15052;10719, 10705, 10724;34079, 34079, 34195, 34079, 34079, 34079, 34079, 34195, 11385, 34079, 34077, 30248, 14795, 34815, 34079;
14008, 15094;31095, 31070;14322, 14229, 14314, 14044, 14322, 31067, 10060, 10060, 14167, 14116;30204;31017;
30170;10741, 10038;
10154, 10692;10706, 15061;10086;15570, 15073;
14191, 30248, 10137, 10137, 14097, 14475, 14785, 14319, 14319, 14573, 14573, 14573, 14580, 14580, 14580, 14580, 14786, 14544, 31035, 31027, 31027, 14224;15012, 15012, 15012, 10137;15123, 30727, 15094, 15094, 15094;14794;
14306, 14366;14546, 14126, 14043;14545;
15012, 15094, 15012;15052, 14442, 14442, 15039;15009;14010, 14010, 14110, 15039, 14322;
14177, 14798, 15060, 10211, 14544, 14544, 14544, 10064, 30248;10069, 10163, 10721, 14104, 30248, 10706;30248;14330, 14810;
15012, 15012, 14208;14338, 14112, 11159, 11159, 14338, 15012;34214, 34214, 34214, 34214, 34214, 34214;15052, 15012, 15012, 15012;
30123;15012;
11036;10043;30248, 10211, 10163, 14051;
14678, 14067, 14793, 15094, 14110;15632, 14281, 15032, 30248, 14281, 14281;15552, 15632, 14355, 14196;10714, 14730, 14793;15012, 15094, 10729, 15094, 15094, 30248, 15094;
31017;
14519, 14717, 14622;10086;10033, 10124, 10124, 14622;14356, 14758, 30170, 14356, 14461;11129;14622, 31166;31027;15066, 10086, 15038;10094, 10033;10124, 10124, 15078, 14622, 15078;11008, 11008, 14168;
14129, 15045, 15083, 15083, 15011, 14129, 14044, 14044, 14372, 14044;10080, 10080, 10127;15094;14444, 14372, 14265, 15631, 15631;
14258, 30248, 10719;15060, 15060;
14705, 14794, 10091, 14705, 14705, 14705, 14705, 14705, 14705, 14705, 14797, 14705, 14121;11114;10062, 14794, 10007;
10068, 30248;14354;34214;15012, 15012, 15012;14545;

14177, 10123, 14160, 14313, 14177, 10123, 10123, 15038, 14321, 11026, 15045, 15012, 15045, 14759;14354, 14442;30170, 14173, 30269;
14319, 14319, 14293, 14005, 14319, 14366, 14362, 14051, 14362, 14362, 14362, 14759, 14070;14354, 14145, 15066, 15026, 15026, 14098;14366, 14098, 10080;
14167;10692, 15052, 10086;15094, 14435;11154, 15045, 10060, 10060, 11154;15066;11388;14036, 14098, 14098, 10062;14265, 14265, 10060, 15631;10060;14435, 10060;10086;10060;15052;
14445, 15012, 15012, 30248, 14196;14196, 15631, 14208, 15631;14008, 15067;15066, 14173, 14123, 14230, 14230, 14230;
14267, 30248, 30248, 14112, 10616, 10616, 14112;14449, 10652, 14792, 15092, 30248, 14729, 34048, 14667, 15092, 10719, 10724, 10724, 14475;15012, 30248, 15039;15631, 14079, 30170, 14737, 11327, 11327, 11327, 11225, 30170, 10632, 11327, 15092, 30248;11327, 11327, 11327, 11327, 14080, 14112, 15009;


10062, 14008;15631, 30355, 14581, 14330;15092, 14098, 15009, 30248, 15039;14281, 10086, 30269;15092, 30248, 15039;
14322;14265, 14265, 14079, 14362;30248;
32383, 32383;
10084, 30248;10068, 30248;14313, 15066, 30248;
14186, 14126;
10722, 10722, 10722, 11129, 10722, 10722, 30248, 10722, 30060;30248, 11129;34764, 34764, 10214, 10214;10091, 10091, 10091, 30248, 10091;15009, 15009;
15052;14265, 14265, 15631;14265, 14265;
14079, 14592, 14265, 14265, 15012;15009, 10107, 10107, 14123, 14123, 14703, 30248, 15011;14509, 14705, 14705, 14444, 15576, 14705;14345, 14509, 14509, 14509, 14079, 30248;14173, 14173;14173;34224;15045, 14344, 14422, 14807, 14267, 15026, 14475, 15012, 14020, 14678, 14422;
14313;
14177, 14622, 14622, 10714, 10106, 14727, 30248, 14322, 14805, 30248, 10724, 10724, 14241, 14313, 14475, 14622, 14737, 14458, 14579, 14579, 15632;10706, 10727, 10706, 10706, 10706, 10719, 15123, 15123, 15009, 15009, 15094, 14177, 30248, 14196, 14196, 14196, 14196, 14167, 14691, 14622, 15545, 14322, 14622, 14712, 10706, 14241, 14622, 14622, 14241, 15052;14241;14769, 14622, 14330, 14330, 14799, 14799, 30248, 14799, 14213;15092, 30248, 15094, 15039, 15092;14196, 14794, 14196, 15039, 14322, 14475, 14475, 14196, 14737, 10729, 10706, 10706, 10706, 14082, 10706, 10706, 10706, 10706, 15554, 10729, 14082, 14082, 10729, 14622, 14322, 14475, 14024, 30248, 14082, 15094, 15009, 14622, 15009;15012, 14830;
10706, 15002, 15002, 15577, 15577, 15094;15632, 15094, 15067, 15074, 15632, 15094, 15123, 11114, 14622, 15094, 14622, 15094, 14442, 14265, 15067, 14279, 14544, 15094, 14460, 14460, 11204, 30170, 14626, 14626, 14626, 15074;15002, 15009, 15009, 14355, 15009, 15094, 14241, 14811, 15094, 14752, 15094, 15094, 15012, 15570, 14615, 14460, 14079, 15632, 15632, 15632, 15632, 14626, 15590;15590, 15052, 15001, 15632, 15632, 15632, 14265, 15001, 15590, 15094, 30248;14545, 15094, 14395, 11049, 15094, 15094, 15094, 14112, 14051, 14224, 15031, 11049, 14265, 14177, 11026, 15094, 30248, 15009, 15009, 15002, 14265, 15094, 15094, 14051, 14322, 14032, 15092, 11049;14213, 15092, 15001, 15094, 14001, 14079, 14079, 15094;
30248, 15052;15012, 10124, 30248, 30170;30248;11204, 30248;
30762, 11265, 30248, 11384, 14330;30831, 15123, 32295, 30192, 11365, 30248, 14366, 32295, 15123;30170, 30170, 30269, 30248;33080;15641, 11384, 11265, 11265, 15641, 15641, 30248;30248, 15123, 10706, 10706, 10706, 10706, 10706, 15635, 15123, 15570, 15570, 15570, 15570, 15570, 15570, 15123, 15123, 10706, 10706, 10706, 15123;10706, 10706, 10706, 10706, 10706, 10706, 10706, 10706, 30248;11159, 11159, 11159;
11219, 11219;30170, 14179, 14475, 14648, 11154, 11154, 15009, 14455, 30248, 14224;14372, 14356, 15066, 14461, 14475, 14682, 14648, 15009, 15012, 30248, 14455, 14807, 15012, 15012, 15012;14356, 14322, 14461, 14714;
15052, 30248, 14189;
14092, 10086, 14092, 14780, 14780, 10706, 14019, 14019, 14092;15052;15653, 10706, 30248, 33033, 10706, 15039, 15039, 15039, 10706;
14727, 15009, 14622, 10659, 30248, 10659, 10659, 15012, 10086;15077, 14333, 30248;10659, 30248;30248, 15081;14386, 30248, 30170, 30170, 15648;
15039, 15052, 14231, 15581;34224, 15001, 15001, 15001, 15001;
30216, 11221;
30248;14231;
11342;14291;
14421, 14313, 14781, 14313, 30248, 14313, 14313, 14313, 14313, 14313, 14041;14265, 14396, 14251, 14251, 14251, 14737, 30248, 15094, 15066;10086;10652;11220, 11221, 11036, 11221, 11334, 11036;
14442, 15092, 30248, 30248, 15052, 15052, 14436, 10091, 14082, 14322, 14281, 14556, 14444, 14245, 14524, 14208, 14196, 10091;15083, 14688, 10652, 14651, 11383, 14067, 10211, 10211;10091, 10091, 30248;10107, 10107, 10706, 10706;
31059, 15060;
11233, 15590, 14807, 15590, 14475, 15052, 11201, 14455, 14104, 30248, 14740;
14752, 14780, 14545, 14752, 14752, 14752, 14752, 15067, 14291, 14045, 14338, 14338, 14338, 14338, 15545;15011, 15094, 30170, 14322, 30170, 14322;14338, 15067, 14705, 15057, 30248, 15057, 14338, 31133, 14810, 30170;10091, 10066, 15001, 14752, 14752, 15001, 15057, 14224, 30248, 30248;14098, 30248, 34129;10068, 14338, 14338, 14366, 30248, 14338, 14338, 15057, 10068, 10068;14366, 14246, 14622, 14510, 14354, 30248, 15649, 30248;15554, 30248, 10730, 10730;

15648, 15648, 34020;15557, 15052, 15094, 30248, 32006, 10732, 14678, 14731, 15094, 15052;14519, 10091, 10706, 15052, 30248;14145, 14488, 14488, 14168, 14622, 14678, 14446, 10060, 15038, 10706, 10706;

14051, 14071, 30248, 30248, 14041, 14396;
30727;15094;11150;

14123, 14208, 30248, 14440, 14440, 15083, 15083, 15011, 15012;
15052;
15631, 15094;15012, 15012;15012, 15012, 14622;15094, 15094;15039;
10702, 10702, 10702, 10706, 10706;10702, 10724;14705, 14705, 14705, 30248;14752, 10015;11314;30248;14177, 32047, 30248;30248, 15066, 15066;
14330, 30833, 15073, 30248, 15094;30248;14622, 14395, 14196, 14395, 30248, 15577;30833;
10719, 10719;11123, 15094, 11123, 11123, 11123;15002, 15094, 15667, 15667;14475, 14740, 34039, 14258;
30833, 10706, 10124, 10124, 10124, 30248, 10124;15052, 14284, 30248, 30248;15033, 15033;15094;
10624, 14322, 14475, 14173, 14622, 14622, 14362;14145, 14322, 15631;14362;
15065, 11123, 11123, 14051, 15094, 15052, 30248, 14230, 14230, 15002, 15066;14445, 14372, 14196, 15060, 14712, 14051, 14826, 14281;11144, 11379;11057, 11215;14372, 14622, 14268, 14712, 14041, 11159, 14196, 11159, 14268;15012, 15092, 14712, 14268, 14449;14322, 14712, 14196, 14079, 14372, 14051, 14071, 14445, 14622, 14268;14789, 14372, 14475, 14020, 14712, 14200;
11286;10066, 10066;15123;30248, 15052, 15094;14033, 15073, 14177;14177;15078;10659;10049;
30248;30080;

14805, 15631, 15631, 15629;15094, 11228;11123, 14798, 14693;
14033, 15002, 14033, 14408, 14080, 30248, 14622, 15012;15009, 15009, 14678, 14678;
15039, 14043, 14189, 14177, 14678, 15631, 10608, 15631;14651, 15094, 15094, 15094;14651, 15012, 15094, 10086;10045, 14362, 15094, 14804, 14331, 14650, 14119, 14322, 34214, 14331, 14539, 14350, 14123, 10706, 10706, 14330, 14088, 14350;15039, 15094, 15039;
30833, 30812;30172, 30172, 15052;14177, 14210;
14200, 10069, 14200;14160;15655, 15094;30248, 30170, 30131;30248;14200;14354, 14630, 14346, 14121;30248;
30248, 14431, 10086, 10086, 15094, 15094, 15052, 15123, 15052, 14230, 14230, 14719, 15060, 10211, 14622, 10086;14231, 30248, 14622, 14151, 11168, 14151, 14044;30833;
10086;
14519, 15094, 14805;15039, 14564, 14212, 15060, 15067, 14145, 30248, 10106;14331, 14331, 14039, 14117, 30248, 14544, 30248, 14330, 14104;15078, 15073;14110, 14110;
15631, 15631;15060, 15060;15094, 30248;15094;
15012, 15094;15039, 15039, 14236;15009, 15012;11129, 34801, 15039, 14805, 15039;
10124;10124;15542, 30248;14366, 10124, 14810;
10085, 10085, 30248, 15039, 10064, 15039, 30248;14225, 14225, 14674, 14674;14225, 30248, 14044, 14225, 14630;30248, 14322, 14444, 14694;32215, 14622, 32183;15052, 15026;14108, 14108;15094;15066, 30198, 14267;15577;
30248;11129, 32133, 30248, 15026, 32006, 15094, 15094;14044;15012, 15052, 15094, 14622;
10198;14544, 14544, 14544;10068, 10068, 14362, 14313, 15028, 14362, 14313;15094, 15028, 14112, 15026;11114, 11224;14810, 14810, 14353, 15026, 15028, 14366;
14793, 15009, 15009, 15009, 15052, 14247;
10710, 30248;30248, 14330, 15094, 14330, 14330;14301, 14079;30248, 14810;15631;14759;15094;30248;
14110, 14230, 14372, 15094, 10053, 14651;14177, 14651, 14651, 10053, 11241, 14177, 15039;14810;14622;
30248;11241;30248, 15039, 14810, 15039, 14200;15012, 15012, 15012, 15039, 30248;15012, 14651, 14213, 30248, 15039;31027, 14798;15631, 15039;15066, 15038, 15038, 15066;15066;
15012, 15094, 15012, 34818;14338, 30248, 15094, 15094, 14177, 30216, 30216, 14372, 30798, 14810;32133, 32188;33033;15060, 14338, 30248, 14789, 15009, 10127, 30192, 14789, 14789, 30192, 14338;14442, 30172;

14354, 14032, 15038, 30248, 15009, 15012, 14580;15060, 15060, 14544, 14544, 30248, 14117;15066, 14826, 14121, 30248, 15039, 15039, 15094;14191;
14372;32116;14366, 14366;15052;15052;15052;14247, 14443, 14151, 14443, 14044, 14443, 30248, 14794, 14475, 14794, 15063, 15063, 15063;
30216, 30256, 15094, 15094, 30248, 32188;15094, 30170;15631;14245, 14123, 30248, 10007, 15631, 14803;14789, 14789;15012, 14245, 11114, 14281, 10033, 10033, 30248, 10628, 15631, 10706, 14779, 14793, 10094, 14442;11094, 14366, 15012, 14177;11234;15012, 34764, 10211;
14807, 14519, 14682;15094;14651, 30248, 15094;15002, 15052;14160, 14519;30248;15052, 15052, 14622, 10106, 15052;15011, 15011;15045, 15123;15094;15052, 14157;
11130, 30172, 30248;15026, 10086;14265, 14043;15012, 11119;10616, 10706;15026, 30778;
14265, 14265, 14265;14341;
10685, 30216, 30216, 10685, 10685, 10685, 10685;14573, 14573;15060, 15060;
14330, 14330, 14177, 14177, 31035;14544;14231;15631, 15631, 15094;14357, 14333, 14357;
14740, 14153;14008, 30248, 14098, 14200, 14810, 14213, 14213, 14810, 14189;14225, 14022, 34001, 14022, 11156, 34001, 34001, 11156, 11156, 30248, 11156;14098, 14799, 30248, 14507;14803;
14362, 14831, 30248, 14362;14601, 14580, 14580;14331, 14246, 14319;
15052, 30248, 14196, 14196, 14069, 11129, 11100, 15012;

30764, 30764, 30764, 30764, 30764, 30798, 30355, 30798, 30764, 30727, 30727, 30355, 30355, 30355, 30256, 30241, 30764, 30764, 30764, 30764, 30764, 30186, 30307, 30307, 30170, 30007, 30764, 30307;11224;
14229, 10068, 15002, 14084, 14301, 30248, 15060, 11291, 11110, 15577, 14149;15052, 30248;30248;
15074, 14622, 30248;30833, 15012, 15066, 14366, 14258, 14200, 14622;30248, 14449, 15094, 14693;10083;14338, 14208, 14688;
11106, 30248, 15052, 14622, 14622;15635, 15635, 15092, 30248, 15057, 15653;30040, 30248, 30040;14366, 15052, 30216;33009, 30248, 33046, 33054, 11129, 33046, 34175, 34175, 34241, 34106;10133;
14117, 14117, 10062, 10062;10062;15092, 15039;10066, 15067;10659;11079;15012, 15012;15094;14265, 14705, 15552, 14265, 15067, 15094;10701, 15092;10062, 10062, 15616;15009;
14622, 10086, 32133, 14797, 31019, 30105, 10127, 30248, 14652;14043, 14622, 14739;30727, 15009, 10692;14809;
15094;15094;15094, 15094;11026;
30819, 30248, 30253, 14694, 14366;11327, 11327, 34384, 11129, 30248, 11221;10060;14233, 15067, 14238, 14281;
14573, 14333, 14357, 14357, 14357;14338, 14338;10086;32133, 15052, 15052, 30248;14396, 11156, 15009, 15009, 14196, 10060, 10094, 10094, 14033;
15012, 15012;15012, 15012, 30248;15094, 15094;15094, 15094, 30248;15012, 15012;
14001;15052;15052;30248;14345, 30248;
10080;10007;10702;10702, 10211;10161, 10706;
14313, 14313, 14810, 15094, 14313;14780, 14313, 14224, 14008, 11036, 14313, 14781, 11154, 15001;15067;14313, 15094, 10063, 14780, 10163, 14781;15001, 15082;
10086;10060, 10060;15039, 14591, 14350, 30248, 14386;14386, 15039, 30248, 14386;15039;
30248;14372, 10098, 14475, 14313;
14313, 15094, 30248, 15632, 14341, 14736;15094, 15094, 15123;
14355, 14355, 15067, 15060, 30248, 14453, 15616;
30170, 31035, 14651, 15073, 32196, 30120, 32133, 32133, 32133, 14082, 14082, 30017, 30248, 32133, 30170, 30120, 15632, 11159, 11159, 11159, 14601;30355, 10086, 30120, 30120, 10199;15057, 15057, 30192, 14795;
14622, 30248, 14279;
15012;15052;15012;14322, 14151;14404, 15012, 14404, 14362;15012;10045, 30248, 14798, 10045;
15074, 15074, 15012, 30248, 15039, 15039, 14318, 14133;11079, 14355, 14794, 30248, 14794, 15590, 14794, 10706, 10706, 10106, 10729, 15631;10104;15012;
11112, 11046, 11345;30252;
10033, 14051, 10717, 14442, 10033, 10033, 30248, 14177, 14177, 15066, 32295;14475, 15052;14044, 30170, 14509, 11127, 11276;
15123, 15123, 14475;10003, 10080;10706;15077;14291, 14291;15052, 15052;14794;15002, 15052, 15052;
10106;15052, 15052, 10107, 10123;15012, 15052, 10007, 15039;
15052, 15123, 15123, 14667, 14667, 14475;
15631, 15092;32295, 15631, 15092;15052;31027;11006;14445, 14445, 30742;30120;11165;30258, 31017;14333, 14333;11128, 11057, 11057;30216, 30180;14032, 30192, 14544, 14545, 14333, 14366, 14544, 14333, 14301;30077, 30256, 30216, 30053;30262, 30017, 30017;30258;30017, 10086, 14436;15012;11379;30017, 15092, 15631;
14785;15039;15631, 15039, 15631;15631;
11036, 10091;15094;14123, 14116, 14449, 14123, 15092;
11241, 11079, 11129;11327;
11129;10080, 10080;14442, 14475;14740, 14740, 14146, 10068;14794, 15590, 30248;
10107, 10719, 15060, 10107;15631, 15631;15039, 15012;
14461, 30248, 14461, 14177;14810, 14036, 14036;15094;14160;
10154, 15052, 14794, 15012, 30248, 10154, 15074;34074;30248;
14737, 14737, 14650, 15052, 15052;14727, 10714, 10062, 14727;14196, 15074, 14177;
10080, 14622;10060, 10007;14678, 10060, 10045;10045, 10060, 10060;
14442, 14196, 11129, 14121, 30248, 10706, 14798, 14210, 15631;15060, 15074, 30248, 11039, 14794;30248, 11032, 30248;
30778;
15590;11144, 14366;
15094, 15011, 11129, 15052, 30248, 34039, 14705, 14752;
30835;15060;15012, 15012;15012, 15094;
11224, 11036, 11338, 11026;15012, 15012, 14350, 14350, 14350, 15012;15012, 15012, 10678, 15548, 15548;15012, 15012, 15094;
14160;14049;33056;
14564, 30027, 14350, 30248, 15039, 14350, 14350;30248, 14650, 10106, 10106, 14356, 14362, 14356, 14356, 14431, 14431, 14431;14224, 15094, 30248, 14443, 14067;
15009, 15067;
15094;11225;14445, 14627, 14208, 14196, 14444, 14322;
15012, 15052, 14208, 14651, 14191, 14544;14746, 10710, 14785, 14168, 10719, 14366;14322, 14322, 14322, 14362, 14168;15094, 14191, 14785;15036;
15052;15631, 15631, 15094;15028;14043, 15052;
15012, 15012, 30248, 15012, 15012;15012, 15012, 15012, 15012;15012;15012;15012;15012, 15012;15012;15012, 15012;15012, 15012;15012;15012, 15012, 15012, 15012;15012, 15012;15012, 14160;15012;
10719;30017;14581, 14581, 14330, 14173;
15066, 15066, 10007, 14376, 15063, 14127, 10724, 30833, 14726, 14556;14355, 10724, 10007, 10724, 14444, 15631;14355, 10064, 10106, 10007, 15052, 10094, 11106, 14355;10107, 10007, 30310, 32151, 34214, 30559;
10060, 10060;
30248, 14564, 31148, 10086, 10086, 10703, 34122, 10703;15012, 15012, 14442, 14442, 15012;14082, 14809, 14196, 14442, 15083, 10106, 10106, 10679, 15083, 10703, 14442, 10703, 14082, 14752, 14082, 14809, 14213, 30248;10086, 11258, 30192, 10086;
10107, 14160, 14032, 10703, 14449, 10107, 14444, 14067;14703, 15052, 14069, 30269, 14279, 15052, 14069, 14177, 30248, 14313, 14630;15094, 15052;
32006, 14191, 14794, 15083;15078, 15078;15052, 15052, 30170, 14354, 15078, 15009, 14330, 15094;14330, 14191, 14213, 14249, 14810;14231, 14475, 15073, 14173, 14794;14570, 10033, 10033, 14442, 14265, 15077, 10086, 14442;15078, 14688, 15078, 15066, 33009, 34214, 33017, 10069, 14793, 30310, 30039, 14678, 14022;
11224;15052, 30248, 15012;
15094, 15631, 15631;15094, 15039, 15012;15012, 15094;30798;15012;15012;15012, 15012;15094, 15052;15012;15052, 15052;
33046, 33046, 10007;10007, 10086, 10086, 10706, 10706, 14742, 14742, 14742, 14742, 10106, 30248, 10701, 10701, 10106, 10701, 10701;10706, 10706, 10106, 30248, 15123;15653, 32381, 34129, 14241, 15653, 34129, 10706, 14622, 10706, 10706, 14742, 14742, 14742, 14742, 15123, 30248;
10608;15009, 15009;15038, 15039, 15012, 14119, 14267;15039, 15039, 31017;
15015, 15015, 15015, 15015, 15015, 15015, 15015, 30248, 15012, 15015;15092, 30248;15009, 14177;
15094, 14322, 14322, 15012, 30248, 15009, 15009, 15009, 15009;11146;14168, 15009, 30248, 15009, 15009, 10086, 14024, 15009, 14322, 14322, 14678;15009, 15009, 15009;
10724, 10724;15123, 15123;14475;15653, 15653, 14678, 30734;
30248, 15074, 15545;15094, 30248;14174, 14174, 34078;
30046, 30750, 10062;11140, 15052;14738;15012, 11046;14313;
14622, 30248;15012, 30248, 15094, 15094, 10679;10119, 10119;
15012, 15012;14159, 30789;14196, 15073;14333, 14038, 14233, 14442, 14573, 11114, 14338, 14082;15012, 14035, 15012, 14035;
11106, 34074, 34122, 34122, 34039;15012, 30832, 14354, 15028;15011;10669, 15631;15039;
14208;14362;14678, 15590;15009, 14794, 11036, 15045, 30248, 14794;14458, 30248, 14362, 14071, 14362, 14362, 14362, 14322;30170;15012, 15009;11159, 14435;
15011, 14160, 30248;30742, 30340;30832, 30253, 30248, 30192, 30564, 15012;14067;15012, 15012;15631, 33046;30248, 14035, 14098, 30832;10062, 30248, 10161;30248;15052;14177, 14177, 30248, 14177, 15066;15052;30248, 14098;14475, 15590, 14475, 14145, 14189, 14319, 15545, 14145, 14805, 15092, 11327, 14805, 34214;
15631, 15073, 15631, 14121, 15052, 15052, 15002;10198, 14545, 11159, 30790, 14196, 10094, 30790, 10198, 14191;10109, 14475, 14032, 14455, 10109, 30248, 15094, 14460, 10706, 14460, 15052;14714, 10109;
10124, 15632, 14821;30248, 14330, 14752;14509, 15073, 10637, 14372, 14044, 14322, 14622, 14197, 10637, 30248, 14160, 15052;14265, 14265, 14265, 15631;10124, 10124, 14051, 10124, 10124;15632;11385, 11385, 11385, 30248;14127, 14315, 30248, 14386, 14016, 14328, 14345;14509, 30248, 10637, 14322, 10637, 14712, 10124, 14167, 10124, 14622, 14167, 14622;
11337;11148;15052, 15038, 15009, 15009, 10710, 30216, 30248, 30269, 32402, 14212, 15092;11221;14112, 14110, 15092, 10632, 14322, 15092, 10619, 14838, 10632, 10632, 14236, 14236, 15094, 14001, 14354, 30248, 30248, 15052, 15009;14810, 14421, 11093, 14177, 14366, 14032;
10107;15002, 10719, 15067;11114, 33033;11130;15009, 14208, 15012, 15094, 14032, 14151, 15009, 14151;15011, 15012, 15012, 14545, 10706, 11048;10706, 15012, 14098;14453, 15009;
14789, 14786, 14319, 15039;15039;14301, 14752, 14210, 14686;14039, 11048;14362, 14362, 14196, 14362, 14196, 15049, 15083, 14196, 14267, 14200, 30248, 15037, 14362, 15083;
15012, 10062, 14442, 14442, 15012, 10133;10107, 15039, 10706;14789;
14573, 10012, 14330, 14126, 14579, 30170, 14573, 14126;15052, 15039;15094, 15060, 15060, 10741, 30248, 10741;30248, 11227, 11204, 11154, 11091, 11265;14810, 14810, 14810, 14810, 14366;14112;14810, 14810, 14810, 14160;
10706;14098;15577;
15094, 14265;14807, 15094, 15012, 14241;14031, 15012, 15012, 14322, 14322, 14322, 10094, 30248, 10713, 10094, 10706;
14322, 30248, 14789, 14177, 14102, 32133;14726, 14051, 15564, 14740, 31133, 15590, 30248, 14350;14677, 15009, 15009, 15009, 15009;11301;15026, 14051, 11154, 14051, 14820, 15094, 14338;10211, 14148, 14330, 31133, 15009, 30248, 15094;15009, 14475, 15009, 14016, 30248;15590, 14016, 15009, 14268;10068, 10068, 15548, 34384, 15009, 15009;
15590;30248, 15092, 14313, 15052;14236, 15066, 14460, 14442, 30248, 14160, 14020, 14740, 14020;11234, 14622, 14622, 30248;30017, 30170, 30248;
11301;14005, 14177, 30248, 14333, 14005, 14005, 14366, 14098;14157, 30170;14366, 11052, 14225, 11026, 14265, 11204, 30248;30248, 11114, 10710, 30248, 30248, 15012;
14803, 14179, 15631, 15631, 15631, 15590;15631, 15094, 15631, 15590;10107;15012;
15012, 11067;10045, 10045;15012;14098, 30216, 30216;30355, 30750;14507;14372, 15011, 11129, 14067;33010;
15094;10148;
15083, 15011;10719, 10719;30170, 14098;
10190, 14267, 30248, 15572, 15572, 14651, 14229;14743, 14200, 30248, 14038, 14224, 14366, 14098, 14601;15009, 15009, 15094, 14151, 14151, 14151, 14151, 14151, 30248;14319, 15545, 14615, 15564, 15585;14322, 30248;
14008;
30833, 30833, 14803, 14313, 30248;10086, 30017, 10107;30248, 10164, 10164, 14665, 15631;
14570;14747, 14069;10106, 10624;14268, 10086;30186, 30033, 14395, 30761, 30818, 30071, 30071;15038, 15038;
14212, 14265, 30170, 14265, 30248;14395, 14395;30170;14098, 30186, 14265;
15045, 15009;15009, 15009;15045, 15009, 30248, 15009, 15009, 15009;15009, 15009, 15009, 15009, 15009, 15009, 15009, 15009, 14366, 15066;15045, 15009, 15009, 15009, 15009, 14425;15009, 15009, 15009, 15009;15009, 15009, 15009, 15009;
30248, 14442, 15038, 15038, 14281, 10080, 14622, 10703, 10106, 10080, 14281, 14455;30248, 14080, 14281, 14573, 14784, 14133, 14573, 14573, 14281;31017, 15012, 10729, 30248, 10063, 30819, 10706, 10729, 15012, 15012, 10069;14177, 10080, 30248, 15038, 15038;
15012;11338;10062, 10007, 34001, 15546;11385, 11385, 14622, 14678, 11129, 14440, 11385, 14224;15094, 10106, 15094, 14622, 14678, 14622;
10069, 10069;11151;14354;15094, 15066;10062, 15094;10007, 10045, 30248, 15039;15094, 14436, 14354, 14354, 14354;14203, 15094, 15094, 15012;
30248, 14396, 14033;11048;14794, 10086, 14455, 30248, 15031;
10080, 10107, 10107, 10080, 10080, 10007, 14110, 10007, 30248, 10007, 14110;14110;
15012;14630, 14682;15012, 15052;15052, 14245;

15011, 15632, 15011, 30248, 14067, 14082, 10124, 10719, 15052;
15094;14008, 14008, 14126, 14008, 14366;
15012, 14678;30734, 15012, 30789;14112, 15067, 30248, 14212, 15074, 14145, 30216;15052, 14475;15039, 15012;15012, 15012;15009, 11026, 11026, 11036;34039, 34764;14238;11129;
10066, 10066, 10637, 15042;15631;10066;
10107, 10069;10086, 30248;30742, 15039, 14179;15052;30248, 14539, 10107, 14179, 14307;14386, 32295;10211, 15057, 15052, 15052, 30248, 10015, 15094;15052, 15009, 15631;
15094, 15094, 15094, 15012;15094;15590, 15012;15009, 15009, 15094, 15009;15094;15094, 14268, 14455;
15092, 14102, 10045, 14362, 14362, 14444, 30248, 15011, 14071, 14281, 14665, 14442, 14622, 15632, 14102, 11258, 11154, 15039, 14444, 10045, 14322;14104, 14104, 14104, 15060, 15067, 14794, 14622, 14732, 30248, 14622;14092, 30248, 14092, 14313, 15066, 14001, 15052, 14177, 15066, 14177;10045, 15001, 15094, 15092, 15052, 15094, 30248, 10706;30248, 15001, 15001, 15012, 15001, 15012;10637;
14098, 15036, 15094;10097;14357, 14810;
