15094, 11149, 14759, 14082, 11129, 10106, 14350, 0;0, 10706, 0, 0, 15094;15094;
0;15012, 15009, 0;0;15012, 14319;15012, 0;10068, 10091;15012, 15012;
0;14794, 14002, 14354;0, 14366;0, 14794;0;0, 14213, 14160;0, 0, 0, 0;0, 0, 0;0, 14160, 0, 0;0, 0, 0, 0, 0, 0, 0;
15094, 14573, 30248, 14544, 14330, 14268, 15590, 14330, 14330, 14268, 14268, 15094, 14330;14651, 15012, 15012, 15009, 15012, 30248, 14651, 14651, 15012;30248;
0, 0, 0, 0;0, 0, 0, 0, 0, 0, 0, 0, 14435, 0;14796, 14160, 14362;
15631, 15083, 15052, 15052, 0, 15012, 0, 0, 0, 0, 0, 0, 0, 15631;0, 0, 14835, 15052, 15012;0, 0, 0, 10045;0, 0;
14355, 14355, 0, 0, 30248, 0, 0;14333, 14333, 14366, 14366, 14080, 14333, 14338, 14338, 14338, 14333;0, 30806, 15092, 30248;0, 0;0, 15012, 10082, 10082, 15039, 14333, 30248, 14333, 14333, 0, 0, 14333, 14333;10082, 10062, 15060, 15060;15045;
0, 0, 0, 0, 0, 0, 15631, 15631, 0, 0, 0;15009, 30248, 14267;0, 0, 14267, 15094;0, 0, 15038;
14338, 14507, 14507, 0, 30216, 14160, 14338, 15012, 14545, 14098;0, 0, 0, 0, 0, 14098, 14723, 10624, 15012;
0, 15094, 14350;0, 0, 0, 30793;0, 0, 15094, 14350, 0;15092, 0, 0, 30248, 0;0, 15012, 30248, 0;0, 0, 0, 0;0, 14805;
30248, 0, 0;
0, 15012, 15012, 15012, 0, 0, 30248, 14322, 0, 14442, 0, 14123;0, 15094, 10062, 0, 14475, 0, 10007, 10007, 30248, 11383;0, 0, 0, 0;10086, 10086, 10086, 10086;0, 14313, 0, 0, 0;0, 0, 0, 14098, 0, 0, 0, 0, 0, 30248, 14293;0;
0, 0;14366, 14319;
0, 0;0, 0, 0;0, 0;0, 0;0, 0;0;15042;0;0, 0;0;0, 0;11114;0;0;0;0;0;0, 0;0, 0;0, 0, 0;0, 0;0;0;0, 0, 0;0, 0;
0, 0, 0, 0;10064, 15094;0, 0, 0;0, 0, 0, 0;0, 0, 0, 0;0, 0, 0;0, 10078, 14079, 0;0, 0, 0, 0, 0, 0;0, 0, 0, 0, 0, 0;0, 0;15052, 0, 0, 0, 0, 14623;0, 0, 0, 0;0, 0, 33046;0, 0, 0, 0;0, 0, 0, 0;0;
0, 0, 0, 0, 0, 0;0, 15067, 0, 0, 0, 0, 30269, 30248, 14330, 15036, 30198, 30170, 0;0, 0, 30248, 0;0, 0, 0, 0;0, 0, 30170, 30310;0, 0, 30248, 0, 0;
0, 0;34129, 11026, 34111, 0, 30060, 0, 34017, 15001, 30248, 0, 30080, 30080;14447, 10659, 10659, 10659, 14208, 10045, 10045;32293, 0;14341, 31039, 15038;0, 30248, 15094, 0;31017, 0, 30833, 15094;0, 14098, 30248, 0, 15039, 0;30080, 0, 14231, 0, 11048, 30248;30248, 15039, 10045;14168;
0, 14191, 30248, 0, 0, 0, 14160, 0, 0, 15094;30248, 14362, 14705, 14705, 14444, 0, 0, 14705, 14177, 0, 0;15094, 15012;15094, 0, 0, 0, 31133, 14177, 0, 14279, 14539, 0;0, 0, 14396, 14179, 14539, 15094, 31027, 0, 15045, 30248;
0, 0, 0, 0;30248, 0, 0;15094, 15094, 14102, 14622, 30248, 14622, 14622;0, 11114;0, 14475, 0, 0;30248, 14475, 15052, 14622;30248, 14031, 14366, 10128, 14799, 0, 30248, 14425;0, 34214, 34214;0;
14366, 0, 0, 14010, 0, 0, 0, 0, 30248, 15083, 15083, 15641, 0, 15641, 10038, 14544, 14010, 15012, 15042, 14177, 14177, 0, 0, 15083, 15572;15094, 0;30248;
0, 14475, 10086, 15094, 0, 0, 30248;15094, 15094;30248, 14345, 14116, 14322, 10163, 14362, 14732, 14732, 0, 10706;14372, 14509, 14372, 14350, 10692, 14622, 30248;0, 0, 0, 0, 15039, 30248;0;0, 15012, 15012, 0, 15052, 0, 30248;
0, 0, 0, 0, 0, 30204, 0, 0, 15094, 0;0, 0, 0, 15052, 0, 15052, 30248, 14177;15094, 0, 0, 0, 0, 14005;0, 0, 0, 0;14783, 15052, 0, 30248;15052, 0;14160, 0, 15052;0, 0, 15052, 15009;
14224, 14224, 14531, 14805, 0;0, 14330;0;0;0, 30248, 0, 14345;0, 14041, 14041, 0, 0;
14366, 30248, 0, 14767;0, 30248, 0, 0, 15012;0, 0, 30248, 0, 0, 0;30730, 0, 30248, 0;0, 0, 0, 0, 14570, 30248;0, 0, 30248;0, 14035, 11129, 30248, 14160, 15631;34214, 0, 11094;0, 0, 0, 0, 0, 0;0;0;
0, 11281, 0;30180, 0, 0, 15094, 14268;0, 0, 0;34214, 34214, 34214, 34214, 34214;11288, 11036, 0, 0, 0, 11379, 11281, 11288;0, 0, 14098, 15094, 0, 30248, 15066, 14322, 10124, 0;30248, 15094, 11079, 0, 14678, 14082, 14082;11291, 0;0, 0, 15094, 14313, 0, 15066, 30248, 15045;
15038, 10107, 10107, 14079, 14810, 14265, 14372, 14341, 15009, 14810;11327, 15052, 11312, 10094, 14322, 11327;15123;0, 15052;
14341;33054, 14126;14313, 10068;34129;34129, 14079;10706;15632, 10015;10119, 15632;
30248, 15094, 14108, 14346, 10064, 14070, 10033, 15077, 15577, 10033, 14160;11116, 11116;10080, 14173, 30248, 30833, 14794, 10080, 14794, 15078, 14173, 10632, 14722;0, 14319, 0, 0, 0, 14573, 14573, 14752, 14573, 14573;11224;14319, 14177, 14196, 14442, 14362, 14362, 14362, 0, 0, 14224, 14322, 14442, 15007, 30170, 14322;
0, 0, 0, 0, 0, 14436, 0, 30248, 0, 10719, 30216, 10211, 10211, 10719;30248, 0, 0, 14035, 14035, 0, 0, 0;15009, 0, 15009;
14810, 0, 15009, 0, 31148;0, 0, 0, 14080;0, 0;0;0;0, 30833, 0;14810, 14213;
0, 0;0, 0;
0, 0, 0, 0, 11159, 11159, 0, 0, 0, 0, 15094, 15094, 15094, 14693;0, 15094, 0, 15094, 15094;0, 0, 11154;
30248;0;0, 30833, 15009, 15012, 0, 30248, 0, 0, 0, 11097, 0;0, 10086, 14179, 15060, 0, 30248;
15094, 0, 15011, 0, 0, 15094, 30248, 0;15052, 15052, 15052, 14042, 15012, 30248;30248, 0, 0, 0;14033, 0, 0, 15052, 0, 0, 14460, 14251, 30248;14805, 0, 14345, 15094, 0, 0, 0, 0, 30248, 0;11057, 11057;15012, 30248, 0, 0, 0;14162, 0, 14168;
10706, 10706, 0, 0;10012, 10069, 14794;15012, 15094, 15094, 15052, 15094;10679, 15074, 10679;15631, 0, 15631, 0;15669;
15094;10104;0, 15094, 14177, 0, 15066;10104;0, 0;
0, 10724, 11115, 0, 31094, 0, 0, 30262, 0, 0, 30248;30798, 30004;30248, 30062, 14191, 0, 0, 10124, 10124;0;
14177, 0, 0, 0, 0, 0;0, 0;15012, 14173, 15067, 11036, 10724, 14805, 14615, 15052;0;
0, 0, 0, 0, 11201, 0, 0, 30248, 0, 11057, 11209;0;0, 14623, 14678;0;32295, 14082, 10211, 10211;30793, 0, 0, 0;0, 0, 0;0, 0;0, 0, 0, 14319;0, 32274, 0, 0, 0;
14475;0;10106, 10617, 10086;15094;15038, 15094, 10060, 15066, 15066, 14177;10694, 10106, 0, 15092, 14366;15066, 0, 14338, 15066;0, 0, 0;0, 14191, 0, 14251, 14435;0;
0, 15073;30248, 15009, 10729, 15083, 15083, 14189, 15009, 15073, 10154, 14341, 15060;14189, 15009, 15009, 0, 15009, 14446, 14092, 10062, 14261, 0, 10163, 14622;15009, 14345, 10163, 15060, 15073, 14651;15009, 15073, 30248, 14261, 15039, 14148;15009, 15073, 14344;
0, 0, 0, 15052, 15052;14177, 15655, 15009, 14191, 0;
0, 10211, 14151, 15012, 30248, 15012, 14386, 14449;0;10060, 30248, 11385, 11385, 14191;0, 15665, 10064, 10060, 14622, 30248, 0;14333, 0, 15009, 30248, 14333, 0, 10163, 14333, 11385;
11039, 0;0;
0, 0, 0;11225;11026, 0, 30248, 0, 0;
14104, 0, 0, 14445, 30248, 0, 14460, 0, 14236, 14189, 0, 14079, 14079, 15094, 15052;14236, 15066, 15066, 0, 11123, 30248, 14313, 14313, 0, 0, 0, 14051, 14258, 11121, 0;0, 15066, 15066, 15066, 15011, 0, 0, 15083, 0, 0, 14770;0, 0, 14051, 0, 14102, 15094, 14051, 0, 14225, 15052, 14449, 15012, 14005, 0, 14051;14319, 14314, 15011, 14353, 15052, 14119, 14386, 0;
10104;14224, 30248, 14104, 14032, 14224, 14224, 14224, 14224, 0, 15011, 10632, 10632, 14544, 0, 0, 14330, 0, 14126, 14104, 14032;14032, 14032, 0, 14333, 14177, 14098, 15052, 14798, 0, 14104, 11129, 30727, 14333, 0, 30248, 0, 0, 0;0, 0;30819, 0, 30248, 0;
0, 0, 15092, 30248;0, 0, 11057;0;0, 0, 0, 0;15094, 15094, 0, 0, 0, 0, 0, 14460, 10060, 30248, 15092, 14460;15092, 0, 14835, 14830, 0, 0;
0, 0, 0;14705, 0, 0, 0, 0, 0, 0;0, 0;0, 0, 0;0, 0, 0, 0;
30798, 30248, 30248, 0, 0, 0, 15057, 15009, 15057, 0, 14650, 32183, 14461, 30833, 15060, 15060, 15045, 30170, 15060, 0;30248, 15057, 10080, 10062, 10086, 10656, 10080;0, 30248, 14622, 0, 14622, 0;15052, 14079, 14475, 10080, 10086, 15052, 11159, 14051, 14051, 14737, 14779, 10080;10127, 0, 0, 0, 10727, 32188, 14794, 33046, 0, 0, 10080, 0, 0, 0, 30248, 0;10080, 30248, 0, 10161, 0, 10062, 15057, 0;15038;10086, 14281, 14767, 14442, 11152, 14082;
14067, 30248, 0, 0, 10007, 15012, 14067, 15012;14102, 14196, 14082, 14082, 15052, 14051, 10007, 10007, 10007, 14281, 14460, 14208, 14208, 0, 15012, 15012, 14024, 14173, 14173, 30248, 14442;0, 10710, 15012, 15012, 0, 30248, 15011, 15011, 15011;30248, 15057, 15012, 0, 31104;15092, 10211, 11154, 11154, 10045, 0, 0, 30248;11079, 0, 11079, 11079, 15011, 15012, 15012, 15012, 0;
31035, 0, 0, 0, 10679, 10679, 14443, 14098, 0, 0, 14805, 0, 0, 31017, 0, 30248, 14786, 31027, 14267;
0, 0, 0, 0, 15078, 15078, 10060, 30248, 0;14435;0, 10107, 30248, 10107, 10107, 0, 0, 14770, 15094;30248, 15078, 0, 0, 0, 0, 0;14116, 15078, 14362, 15078, 15078, 14116;
14031, 0, 14330;14661, 0, 0, 15042, 0, 0, 14622, 15631, 15631, 0, 15094, 0;0, 14042, 11375, 0, 0, 14366, 0, 15052, 14031, 14784;32322, 0, 30248, 0, 31017;0, 0, 0, 14031, 14810;0, 0, 14421, 0;0;
0, 14355;15012, 14002, 14002, 14002, 15012, 30248;15094, 30838, 30838, 30248;0;14355, 0, 14714;0;15624, 15092;0;30248, 11306, 0, 34833, 30730, 30152, 30060, 11129, 0;14249, 14386, 0, 15094, 0, 0, 0, 0, 0, 0, 30248;
0, 0, 15012, 15012;15039, 0, 15083;0, 15039, 0, 0;0, 0, 0, 15009;0, 0, 15631, 0, 0, 0, 15009, 30248, 0;0, 15631, 0;0, 10064, 14225, 14196, 0, 10069, 14281, 30248;14196, 0, 0, 10086, 14281, 0, 10064;0, 10064, 0, 10161, 0;14627;
0, 0, 0, 0, 0;
0;
0;14372, 0, 14258, 0, 30248, 14322, 14262, 0;0;0, 10703, 0, 0;15590, 0, 0, 0;
30252, 14005, 15002, 15009, 15009, 0, 0, 15094, 15094;15002, 10086, 0, 15002, 15123, 0, 30248, 10706;0, 0, 15094, 0;10106, 10080, 15002, 0, 15045;
14442, 14622, 30248, 10719;10211, 10211, 31160, 31027, 10692;15045, 15052, 0, 15052;15052, 0;
0, 30248, 0, 0, 33046, 15012, 0;14123, 30248, 15012, 0;15094, 15078, 15078, 0;
11156, 0, 0;15010, 15063, 15039, 30039;0, 0, 0, 0, 0, 0, 15010, 0, 30248, 0;
10104, 10104;30204, 14212, 0, 30248, 14042, 0, 14098;
14752, 14783, 0;
0;0;0, 0;15042;0;0, 0;0;0, 0;0, 0, 15052, 0, 30248, 0;0, 15052, 0, 15052;0, 0, 0, 0, 0, 0, 15052;0, 0;0, 15052, 0, 0, 0, 0;
11014, 0, 11263;30080, 30080, 0, 14714, 0, 0;0, 0, 0, 15083, 15577;0;0, 0;10062;
14738;14622, 14268, 15074;
0, 30248, 14805, 0, 0, 14805, 0, 0, 15123, 15123;30248, 15123, 15123, 14805, 15123, 15123, 10719, 10719;10094, 11154;33046;34079, 30288, 14665, 10086, 30049;
10068, 10068, 10068, 30248, 10068, 15012, 10068, 10068, 0;14435, 14622, 30248, 0, 0;14362, 14196, 14509, 10106, 0, 10106, 10094, 30248, 14723;15009, 10706;
15052, 0, 0, 30248;0, 14045, 0, 14079, 0, 15094, 30248;15052, 30248, 15052, 15052;30248, 15052, 15052, 15039;
14622, 15078, 14082;0, 0, 0;0, 0, 0;15078, 0;0, 30248, 0;0, 0, 0, 0, 10086, 10086;30252, 10080;
0, 0, 0, 10060, 0, 10060;15631, 0, 10060;10060;15631, 15631, 15631, 15631, 15631, 10060, 15631, 14008;14362, 10060, 10060, 14811, 15631, 15039, 15631, 15039;14545;10060, 0;14531, 15631, 10060;10060;0, 10060, 10060;
0;14177;0;0;0;0;0;0;0, 0;0;0;0;0;0;0;0;0;0;0;0;0, 0;0, 0;15631, 0;0;0;0;0;0, 0;0;0;0;0;0, 15631;0;0, 0;0;0;0;0;
32006, 0, 0, 30248, 0, 0, 0;11379, 14293, 15052, 15052, 0, 0, 10706, 14366, 30248;0, 0, 15052, 30248, 15052, 0, 0;
0, 30248, 0, 0, 0, 0, 0;15012, 10706;
0, 0, 15631, 0, 0;0;
15631, 15012, 15012, 30248;15012, 15094, 15012, 15631, 15094, 30248;15045, 15094;14035, 14098, 0;
0, 0, 0, 0, 0, 0, 0, 0, 0;10062, 0, 14044, 0;0, 0, 0, 0;0, 0, 0;10060, 10060;0, 0;0;
11003, 11003, 0;
14333, 14196, 14618, 0, 14080, 0, 30248, 10724, 14790, 14082, 14149, 14627;30248, 14810, 0, 0;11224;
14372, 15039, 15039, 15039, 14043, 14043;0;0, 0, 0, 0;0, 0, 0;0, 0, 0;14330, 0, 0;0;
0, 0, 10007;14307, 0, 10086;10163, 10007, 30248, 0, 0, 30269, 0;
0, 0, 0, 0;14314, 14314, 14160, 14112, 14393, 14393, 0;0;15633;0, 0, 0;0;0, 0, 0, 0;0, 0, 0, 0;0, 0, 0, 0, 0, 0;0, 0, 0, 0, 0;15067, 0, 0, 0, 0, 0, 0;0, 0, 0;0, 0, 0;30248, 0, 14421, 14421, 0, 0, 0, 0, 0, 14156, 0, 0, 0, 0, 14156;
10062;14173, 15012, 30248, 0;0, 0, 10069, 0, 30248;
30248, 15094, 0;0, 11344, 0;
0, 11144;14372, 14001, 0, 0, 0, 0, 0;0, 0, 0;
14322, 14230, 30248, 14230, 14230, 15094, 0, 14442, 0, 0, 14044, 0, 0;0, 0, 15009, 15009, 0, 0, 14366, 0, 30248, 15094;15094, 15094, 15094, 15094, 15057, 15094, 15009, 15009, 10060, 14622, 15066, 15066, 15066, 15066, 30248;15009, 32188, 14145, 15012, 15009, 15094, 30248;15094, 14678, 15009, 15094, 15009;15009;
11385;
10211, 0, 0, 10062, 0, 0, 0, 0, 0, 30248, 30248, 14208;0, 0, 0;0, 0, 0, 15039, 0;0, 10060, 0, 10080, 10684, 10684, 10684;10060, 10154, 0, 10062, 0;0;
0, 0, 10064, 0, 30248, 0, 15042, 0, 0, 0, 15584, 14196;0, 30819, 10064, 15052, 14102;0, 0, 0, 0, 0, 0, 10062, 0;10064, 0, 30248, 0, 14331, 14177, 14330, 0, 0, 14301, 14810, 0, 0, 0;0, 10064, 0, 0, 0, 10107;
14196, 0, 30248, 14231, 14231, 0, 30248, 15012, 15073, 15012, 15073, 14322;10007, 10007, 10705;0;34224, 14442, 0, 0, 10659, 0, 0, 14044, 30248, 15012, 0, 15012;11220, 14071;
30833;14267, 14810, 0;0, 0, 30248, 0;0, 0, 0, 0;0, 0, 0;0, 14301;0, 30248, 14714, 14079, 0, 0;15011, 0, 15647;0, 14005, 0, 15011;
30829, 30355, 30248, 30262, 11305, 30216, 30723;0, 0;0;15631, 11085, 0, 0, 0, 11381, 0, 15631, 0, 14794, 30170;15094, 0, 0, 0, 30248, 0;15094, 15094, 15094, 15094, 34129, 34129;0, 30248, 0;
30248, 14366, 14313;10116;10116;14177, 0, 14177, 0, 30248;0;
0, 0, 0;15631, 15011, 0, 30248, 0, 0, 0, 0, 0, 0;0, 0, 15045, 15045;0, 0, 30248, 15012, 15011;0, 0, 0, 0, 0;
15060;0, 14134, 0;15052;15094, 14425, 15060;15094, 0, 15052, 0, 0;
14160, 14391, 30248, 14160;
14546, 0, 0, 14044, 30248, 34001;14475, 30204, 14064, 14338, 30170, 14020, 14020;30248, 15094, 14110, 14110, 14110, 14160, 0, 0;30192, 0;15060;
10154, 15012, 15012, 15012, 10007, 10062, 10086, 10086, 0, 15052;14456, 14082, 14442, 14082, 30248, 14173, 14622, 15052, 14475, 15052, 14444, 14793, 14475;0, 14191, 15009, 0, 0, 14742;30083, 30083;0, 0;0, 0, 0, 15052, 32053;0, 15038, 30248, 10062, 10199, 10094, 10094, 10094;
30248, 0, 15052, 15026;11213, 30248, 0, 11351, 0;15052, 14362, 14362;0;0, 15052, 30248;0, 0;0, 0, 0, 0;
15012, 30248, 14740, 0, 14667, 0, 14612, 14723, 15039, 15039, 15039;0, 10211;0;0, 0, 10714, 0;10702, 0, 10706;10106, 0, 0;11288;11129, 10086, 11093, 11026;10086;0, 14737, 14322, 0;
0, 0, 0, 0, 0, 0;30248, 0, 0, 0, 0, 0, 0, 0, 0, 0, 0, 0, 0, 0, 0, 0, 0, 0, 0, 0, 30248, 0, 0, 0, 0, 0;14258, 15094, 15094, 15094, 14431;
0, 0, 0, 0;0, 0;
14146, 0, 0, 0, 0;
34122, 14650, 14650, 14461, 0;0;14650, 0, 0, 0, 14461, 0;0, 14356, 0, 0, 0, 14355, 0, 0;14810;0, 0, 0, 0, 0, 0;0, 0;
0, 0, 30248, 0, 14475;
14475, 14794, 14043, 14293, 15012, 15039, 14393, 14247, 14098, 0, 14678;
11224, 0, 15009, 0, 0, 0, 0, 15066, 15123, 30248;0, 0, 34214, 0, 30248, 0, 34214;30835, 30080, 0, 14338, 14098, 14200, 0, 30248, 0, 0;
10084, 10084, 10084, 30248;15094, 15590, 14225, 0, 14231, 15052, 0, 0, 14225;14435, 14435, 10083;10083, 10083;10083;15092, 0;
30216, 30825, 30825, 30825, 30825, 30825, 30825, 0, 0, 0, 0, 0;0, 0, 0, 15012, 0, 0, 0;
15667, 15066, 14393, 14247, 32383, 0, 14104, 0, 14393, 0, 14104, 14338, 30248, 14393, 15009, 14267, 15039;14281, 14233;
0, 0, 30248, 15631, 0, 0, 0, 15009;14258, 15066, 15066, 14445, 0, 0, 14322, 14071, 30248, 0, 15066, 0;11228;0, 15066, 34846;0, 0;0, 10211, 0, 14098;11110;10104;14705;0, 0, 14319;10007, 30248, 0, 0;
15009, 15009;15009, 14313, 0, 30248, 0;14213, 15012, 0, 30248, 30248, 14213, 0;15001, 15001;
0, 11130, 14435, 30248;11116;0;10086, 10106;30248, 0, 14267, 0, 14330;0, 0, 0, 30248, 0;
30248, 0, 0, 0, 15012;0, 0, 0;
14313, 0, 0, 15060, 0, 0, 0, 0, 0, 0, 0, 15060;
11079, 0, 11390;15092, 0, 15060, 30248, 0, 10045, 14799, 0, 0;

14442, 15011, 15092, 14443, 30248, 0, 15011;15092, 15094, 10199, 14281, 30248, 14196;14173, 14281, 10086, 30248, 10060, 0, 0, 0, 0, 14463, 11032;0, 0, 30248, 10199, 11123, 14442, 0, 14152, 10199;0;
0, 0, 0, 0, 15048, 0, 0, 0, 0;0, 10104;14357, 0, 0, 0, 14338, 14126;
0, 0, 0;0, 0;30248, 0, 15052, 15012;
14571, 0, 14005, 15094, 15012, 14333, 14333, 14333, 0, 14333, 14333, 30248, 0;30248, 0, 0;
15094;14333, 0, 0, 0, 14449, 0, 14333, 14333, 14333, 14333, 14333, 30248, 14333, 14313, 14313, 14622, 14333, 14333, 14558, 14333;30152, 0;
11224;14268, 32188;30170, 0, 10726, 0;32215, 10706;32215;14622, 0, 0, 15600, 0, 15564;11106, 11281;0, 14436;14338, 14333, 15052, 14064;
0;14088, 0, 14544, 14544, 0;0, 0;0, 15052;14322, 14208, 15631, 14322, 0, 14794, 0, 14322, 14044, 30248, 14044, 0, 14794, 14322;15052;
0, 10107, 30248, 0, 0;15066, 0, 14177, 0, 14146, 15067, 0, 0, 14177, 0;15012, 14809, 0, 0, 0, 0, 15012, 15094, 15631, 15012;15012, 15631, 0, 30248, 0, 0, 15012;0, 0, 0, 0, 0;0, 0, 0, 0, 15094, 15060, 15094, 0, 15094, 15094, 15094;14809;
32295, 10211;0, 11221, 11334;14544, 15094, 0;14570, 0, 0, 15092, 15577;0, 10007, 0, 0, 0;
14267, 0, 0, 0, 0, 0, 0, 0, 0;0, 14319, 0;
14321, 0;0, 0, 0;0, 0, 0, 0, 0;14160, 0, 0, 0;15009, 0, 15009, 0, 0, 30248;0;0, 0, 15009, 0;0, 0;0;14160, 0, 14545, 0, 0, 0, 0;0, 14357;
30248, 0, 15074, 15094, 15094, 30815, 15094;0, 0, 15590, 15052, 0, 14475, 15039, 0, 14366, 30170, 30248;14372, 14208, 14208, 0, 14208, 14208;15094, 30060, 15094, 30248;14173, 15052, 15083, 0, 0, 14722, 0, 0;15094, 15094, 15094;
0, 0;
15092, 0, 14366, 34119, 30248, 11112, 0, 15092, 0, 14768, 0, 30762, 30762;0, 0;0, 0, 0, 15067, 15067, 15067, 0;14423;0, 0, 30248, 14785;32053, 0, 15066, 15012, 15011, 14098, 15066, 0, 14126, 0;15011, 0, 15092, 15011;15052, 15052, 0, 15039, 15083, 15011, 15009, 0;15052;
0, 0, 0, 30248, 0;0, 10109, 10091;14740, 14126, 15631, 15631, 0, 0, 0, 0, 14758, 14126, 30248, 14268, 15631, 30248, 14740, 14740;30833;0, 14350;14265, 0;
15094, 15094;0;0, 14768, 11210;30080, 15039, 33064;0, 0, 14098, 0, 14796, 15094;14035, 14319, 0;
11057;14200, 14098, 15045, 30248, 0, 0;30248, 14301, 14366, 0, 14789, 14783;30248, 33046, 14126, 0, 33046, 33046, 0, 15009;0;14038, 30562, 0, 14200;11114;14098, 11129, 14319;14200, 14810, 14810, 30248, 0, 14098;0, 0, 0;
15545, 14267, 14267;0, 10097, 0;10015, 14313;15052, 15052, 14224, 30248, 14362, 15631;15009, 15074;14545, 0, 0, 0, 0, 0, 14098, 0, 0;14354;14449, 14449;
11123, 15052, 30248, 15092;
30727, 0, 15631, 14475, 0, 0, 0;0, 0, 0, 0, 0, 14258, 14088;0, 0, 0, 0, 0, 0;14258, 0;
0, 0, 30228;14322, 0, 14366, 14189, 14322;0, 0;0;14213, 14420, 14322, 14366, 14322, 14145;30746, 30248, 30746, 30798;0;
0, 15012, 0, 0, 11057, 11210;30337, 31027, 31027, 14152, 30170, 30798, 0, 11026, 30812, 30812;15012, 30248;15052, 14126, 0, 0, 15052;11260, 0, 0, 14460, 15092, 14740, 0, 0;11026, 0, 0, 0;15092;
0, 34214;0, 0;0;
14313, 15548, 15548, 10007, 15094, 14386, 14231;15039, 14386, 15039, 15083;15039, 15094, 0;
15012, 0, 0, 15012, 15012, 15012, 15012, 30248, 14449, 0, 0, 0;0, 15012, 30248;0, 14231, 14442, 14442, 30248, 14442;0, 30248, 0, 0, 14442, 0, 14123, 15094, 15094, 11036, 14585;14585;
0, 0, 0, 10068, 0, 0;14731, 0, 15012, 0, 30248, 14712, 30248, 14146, 14146, 14731, 14731, 14731, 10091;
15073, 0;0, 14208, 15092, 0, 0;0;11036, 0;0, 0, 10012;
0;10706, 30248, 15123, 15045, 15045, 15094, 10715, 0, 0, 0, 0;0;10107, 14281, 0, 14152, 15039, 0, 0, 30248, 0, 0, 0;15012, 0, 0;
0, 11128, 0, 10719;10062;0;0;15060;0;0, 0;15094;0, 0;0, 0;10098;0;0, 0, 0;0;0;0;0;14177;11379, 11379, 0;14160;0;0, 0;0;14177, 0;15012, 10060, 10060;14177;
0, 30248, 32295, 0, 0;30170, 30248, 10106, 14651, 10125, 0;30248, 0, 0, 0, 0, 0;0, 0, 0, 0, 0, 0, 0, 0, 0, 0, 0, 30248, 34214, 34214;0, 0, 0;0, 15067, 30355, 0, 0;
0, 15631;
0, 0, 0, 15123, 0, 0, 0, 30248, 0;14805, 11149, 10128, 10128;34763, 34076, 34076, 34763;15039, 15039, 11149;0, 15012, 0, 0, 11114, 30248, 0;
0, 14789, 0, 0;15039, 0, 0, 0, 30248, 10062, 10012, 14177, 0;10086, 10086, 14177, 10692, 0, 0, 14024, 15066, 15066, 15066, 10692, 10692, 14440, 30248, 14177, 14726, 10106, 15063, 14442, 15083, 15045, 14281, 0, 0, 14440;
11291;14742, 14236, 14742, 14742, 0, 15066, 15038, 10125;11115;0, 0, 0;0, 0, 0, 0, 15094;0, 0, 0, 15590, 0, 15092, 0, 15647, 0;0, 14531;
0, 0, 0;10064, 14372, 10086, 10086, 11154, 15094, 30248, 14160, 14442;0, 0, 15094, 0;15092, 0, 10706, 10706, 10730, 30248, 15052, 15009;
0, 30170, 0, 30248;15012, 30352, 15631, 15092, 0, 11360, 30192;
0;0, 0;14737, 14737;14737, 14737;0, 30248, 0, 14737, 0, 0, 14737;0;0, 0;0, 0, 30248, 15009, 0;0, 15009;0, 0;0, 0;0, 0;0;0, 0, 0, 30248, 0, 14168, 14168, 0, 0;0, 0, 0, 14682, 0;
14177, 30248, 15589;11224;0, 30248, 15589, 15589;15589, 15589, 15589, 15589, 15589, 15589, 14454;30248, 0, 15589, 15589, 0, 0;0, 30248, 0;0;
14793, 14350, 14350, 14098, 30248, 0, 14247, 0, 14033, 14033, 14279, 14173, 11094, 15039, 14544, 0;0, 0, 14794, 30248, 14084, 10045, 0, 0;14268, 14794, 14779, 14779;0, 0, 14268, 14265, 0, 0, 0, 0, 0, 11221, 30248;15048, 0, 0, 0, 30248, 0, 0, 0, 0, 0, 10007, 14210, 15074, 0, 0, 0, 0, 0, 0;
14224, 0;0;14338, 0, 14357, 0, 0, 0, 15012, 15012, 0, 14203, 0, 14573, 14573, 14573, 14573, 14338, 14338, 15012;34811;14338, 14330, 14338, 15094, 14338, 14573, 14573, 14160;15002, 14442, 14442;14173, 14442, 0, 30248, 0, 14173, 15039, 15039, 0, 0, 14151;11344, 11344;
0, 0, 0, 0, 0, 0, 0, 14236, 0, 0, 14330, 0, 30017, 15009, 0, 0;0, 0, 0, 0, 0, 0, 0, 0, 0, 0, 0, 0, 0;14210, 15012, 11215, 0, 0, 0, 15094, 0, 0, 0, 0, 0, 0, 0, 0, 15631, 14544;
14386, 14196, 10724, 0, 30248, 15052, 10706, 14737, 14386, 15052;30248, 0, 0;
0, 0, 14041;
15631, 15083, 0;
14442, 14045, 14794, 14788, 14788, 14788, 14236, 14082, 14475, 14809, 14627, 30248;14098, 14810, 14579;0;0, 0;0;0;0;0, 0, 0, 0, 0;0;0;10007, 0, 10036;0;0;0, 0;0;0;0;0;0, 0;0, 0, 15052;0;0, 0, 0;14579, 0;0, 0, 30170;0, 0, 0;0;0;0;0;0, 0;0;
0, 30248, 0;34763, 34099, 0, 0, 0, 30248;0, 30248, 0, 0, 0, 0;0, 0;0, 0, 0, 30248, 0;0, 0, 0, 14809, 0;
30248, 15083, 15083, 15083, 0, 15045, 0, 15094, 0, 15083, 0, 15094;14834, 0, 0, 10064, 0, 0, 0, 10064, 0;15045, 0, 0, 15083, 11092, 10163, 15094, 15066, 0, 15038, 10062, 10062, 11159, 30248, 11159, 10211, 11311, 10632;15045;
15094;0;15012;15012;15094;15123;15012;15012;14051;
0, 0, 31017, 31037;0, 10053, 10659, 14622;14442, 10086, 10060, 10060, 14196;
0;10086, 30248, 14366;10086;10069, 10069;10069, 10624, 10624, 10624, 14067;14677, 0, 30170, 0, 15012, 14267, 0, 14313, 14313, 0, 14805, 11219, 15012, 30248, 10706, 0;
15052, 0, 15052, 0, 0, 15052, 15052, 0, 15012;0, 11260;30248, 30033, 15052, 15052, 14366, 10211;0;10659, 10659, 14818, 14098, 14118, 0, 0;15011, 0, 0, 10062, 14805, 0;
14333, 0, 0, 0, 15012, 10724, 15012, 0, 14333, 14333, 14333;0, 0, 14168, 0, 0, 0, 30262;0, 0, 0, 0, 15012, 30248, 15012, 0, 15012;15012, 0, 15012, 0, 0, 0, 10724, 30248, 0, 0, 15012;0;
0, 0, 0, 0, 0, 30248, 0, 0, 0, 0, 0, 0, 0;0, 0, 15012, 30248, 0, 0, 0, 0;
14810, 15094, 15094, 0, 14810, 30248, 14810, 14810, 14810, 14810;0, 30248, 0, 0, 0;32053, 14319;0, 0, 30248, 0;0, 0, 0, 30248, 11154;0, 0, 0, 30248, 0, 0;0, 0, 14032, 14160, 30248;0, 0, 0, 30248, 0, 0;14213, 14213, 14213, 14213, 14213, 0;
0, 0;0, 0;
0, 0, 0, 14098, 0, 0;0;10724, 15012, 30804, 0, 15009, 15060;0, 10080, 0, 15009, 0, 15009, 0, 15009, 0, 0, 30248;0, 0, 14366;0;
0, 0;0, 0;
34129;15039, 0, 30248;15039, 14443;15039;15010, 0, 15063, 15083, 15083, 15039, 15063, 15063;0;10091, 10091, 15039;
11224;14626, 0, 14788;15012, 15012, 15012, 30152, 15577, 15577, 30170, 15012, 0;0, 0, 30248, 0, 14475, 0, 0, 0, 14770;0, 10086;0, 0, 15665, 0, 15123;15039, 0;
0, 14145, 14159, 0;0, 14261, 0;14236, 14051, 14805, 14445, 14445, 14281, 14281, 14196, 0;
14509, 14475, 14208, 15083, 15083, 15052, 15045, 15045, 15012, 14338, 14445, 30248, 14162, 15009, 15009, 14803, 34763, 14208, 15066, 14168, 34122, 14442, 14338, 14338;0, 30248, 0, 14330, 0, 0, 0, 0, 14330;11098;14196, 10106, 10106, 15009, 15590, 14196, 15009, 14712, 14208, 10161, 10106, 30248, 14268, 15067, 15012, 14612, 0;
10012, 15067, 10669;
0, 0, 10080;0, 14759;0;
15094, 14268, 15631;
32395, 0, 0, 15009;0, 0, 0, 0;0;0;
15590, 0, 11217, 0, 0, 0, 15647, 30248, 14224, 0, 15647;15545, 15649, 0, 0, 0, 10719, 0, 10608, 30248;0, 0, 0, 15094, 0, 0, 30248, 0;30248, 0;
15066, 0, 30248, 0, 15094, 0, 0;0;0;34214, 34764, 15635, 15635;0, 0;14218, 15624;15624, 11219, 15060, 30248, 15624, 15094, 11219, 0;0, 15094, 0;
0, 0;0, 0;
30288, 0, 14420, 14705, 30248, 31148, 31148, 0, 31148, 0, 14544, 0;0, 0;15060, 15060;0, 0, 0, 0;0, 0, 15012, 0;15012, 0;0, 11215;14313, 15012, 11154;15052, 30798, 30814, 30216, 15039;15009, 15060, 30288, 30004, 30248, 15009, 0;0, 0;
15094, 0, 0, 30248, 0, 0, 0, 0, 0, 0, 15039, 11159, 11079, 30832, 0, 0;11375;0, 15094, 0, 0, 0, 0;0, 0, 0;0;0, 0, 0, 0, 0;14475, 34001, 34175, 0, 0, 34175;0, 0;
0, 0, 0, 14622, 0, 14366, 11225, 0;11026, 15073, 15052, 10724, 14313, 14313, 14168, 30248;14396, 15083, 15083, 14735, 31027, 15083, 30248, 14431, 14431, 15083, 14396, 14396, 14177, 14313;
15009, 14362, 14208, 14196, 15012, 14092, 15009, 30248, 14173, 14173, 10062, 14233, 14233, 10045;14177, 15045;10086;14177, 14177;10161, 10161, 14177, 14177;0, 15045;10060;0;0, 14177;14177, 10697, 10692;0, 10697, 10697;14196, 14196, 0;15631, 10692, 10692;14177, 0;14281, 14196, 14233, 14440, 30248;0, 0;14177, 0, 0;15590;14177;0;0, 0, 0;
0, 0, 0, 0;0, 0, 0, 0, 30248;0, 0, 14789, 0, 14544;0, 30248, 0, 0, 0, 0, 0;0, 11378, 11383, 0, 0, 0, 0;30248, 0, 0, 0, 0, 0;
0, 0, 0, 0, 0, 0;11128, 0, 14564;0, 0, 0;15045, 10106, 10069, 0, 10106, 10069, 0, 0, 30248, 0;14189;
15067, 15067, 10062, 10062, 30248, 10084, 10084, 0, 0, 10719;0;10064, 0, 0;0;
15012, 0;0, 0, 0, 0, 0, 0, 0, 30248, 0, 0, 0, 0, 0, 0, 15012, 0;0, 14173, 14807, 11159, 0, 14173, 11079, 30248, 0, 0;0, 0, 0, 30248;0, 0, 30248, 0, 0, 0, 0, 0;14345, 15012;30248;
0, 14279, 15009, 14196, 14445, 0, 30248, 11129, 0, 14020, 14168, 14281, 32012, 10211, 10211;0, 0, 0, 14152, 15052, 30248, 0, 10086, 14443;0, 0, 0, 0, 0, 0, 0, 0, 15616, 0, 0, 0, 30248, 0;15616, 30248, 0, 14281, 15552, 14168, 14678;14678, 0, 14421, 15049, 14651, 0, 0, 14151, 30248, 0, 14651, 15039, 15009, 0;
14435, 10211, 10086, 14622, 10086, 15590, 14794, 0, 0, 0, 14156;14622, 0, 0, 14265, 14265, 14265, 14032;
15039, 0, 0, 0, 0, 15094, 15039, 0, 0;0, 15012, 0, 15012, 15012, 10710;30833, 15631, 14810, 15052, 14177, 14177;0, 0, 0;15094, 15094, 0, 0, 14231, 0, 15012, 0;0, 0, 0, 15039, 0, 0;11313;15039, 0, 0, 0, 15052, 0, 0, 15039, 0;0, 0, 0, 0, 15039, 14177;0, 15083, 15052;
30216, 14435, 10109, 0, 10719, 10679;10616, 15011, 15011, 10652, 0, 14622, 10198, 10045, 0, 14797, 0, 0, 30248, 0, 0, 10616, 0;10727, 30790, 30721, 30721, 10659, 10727, 10109, 30248, 30170, 0, 10679;33046, 0, 10704, 10704;
15094;
0, 0, 0, 14545, 0, 0, 0, 0, 0, 30248, 0, 0, 0, 0, 30248, 0, 11123, 11123, 0;0, 0, 11209, 11128;14435, 0, 0, 30248, 11026, 14366, 0;15094, 15057, 0, 0, 14196, 0, 30248, 34214, 34214, 0;30248, 15052, 0, 0, 0, 30248, 0;0;0;0, 14435, 0, 30248;0;0, 30248, 0, 0, 0, 0, 0;14318, 14079, 14079, 0, 0, 30248, 15060, 0;0, 0, 0, 0, 0, 0, 0, 0, 14196, 0, 0, 30248;
15631, 0, 15631, 15631, 15631, 15631, 15631, 15631, 15631, 15631, 0, 0, 15026, 15002, 0, 15631;15094, 15631, 15631, 15631, 15631, 0, 0, 0, 0, 15094, 0, 0, 0, 0;0, 15026, 15631, 0, 0, 0, 0, 0, 0, 15012, 0, 0;0, 0, 15631, 0, 14098, 15094, 30248;15026, 14783, 14622, 0, 15039;
0, 0;0;
14196, 14208, 10015, 14208;10068, 10080, 30248, 10068, 10080, 14208, 14208;14281, 30248, 10069, 10659, 14729, 14208, 14258, 14447, 14447, 14445;10069, 10106, 15052, 15092, 0, 15094;
0, 14225, 0, 0, 0, 0, 0, 0, 0, 0;15078;0, 0, 0, 30248, 11291, 14386, 0, 0, 14020;0, 0, 0, 0;14386, 14265, 0, 14225;
11159, 0, 0, 0, 11123, 0;0, 14338, 14033, 14788;
32295;
0;0, 14098;15012;0;15011;15012;15012, 0;0, 0;0, 0;15012, 0;15012;14319, 0;
14372, 10064, 14362, 14455, 14455, 14455, 15045;14160, 14160, 0;0, 0, 0, 0, 14546;
0, 0;0;14177, 0;0, 0;0;14810;0, 0, 14689, 15012;0, 0;0;0, 0, 0, 0, 0, 0;0;0;
0, 0, 0, 0, 0, 0;0;14826, 10086, 0;15002, 14177, 0, 15066, 15083, 15083, 0, 14010, 14313, 30248;14475;
0;0;0, 0;15074, 0, 0, 0;0, 0, 0;
0, 0;0, 0;0;15060;11385;0;0;0;
11069, 0;14509, 15012, 14475, 30248, 14442, 0, 0, 15092;0, 0, 0, 0, 0, 0;0, 0, 15092, 14313;14123, 10060, 14591, 14591, 0;
0;0;0;
30750, 0, 14151, 30248, 14804, 11094, 14362, 11129, 14044, 14408, 0;
14044, 14082, 0;14151, 15094;0, 0;14102, 14102, 10106, 10106;14794, 14044;0, 0;33054, 0;0;14794;0, 0;0, 15631;14102, 14622;
15094, 0, 15631, 0, 0;14082;0, 0, 11213, 0, 15094;0, 0, 0, 0, 0, 0, 30248;15094, 0, 0, 0, 15094, 0, 0, 0;15039, 15094;0, 0, 0, 0;0, 0, 0, 0, 0;0, 0;
0, 0;0;0, 0, 0;0, 0;0, 14546, 0, 0;0;0;0;0;0, 0;
14173, 15009;15060;0;
0, 0, 0;0;0, 0, 0;0, 0;0, 0, 0;0;
0, 0, 0;15066, 14313;0, 0, 0;0;0;0;0;0;0, 0, 0, 0;
0, 0;15052, 30248;15011, 0, 14475, 15045, 0, 0, 14794, 11213, 30248, 15052;
10705, 10705, 10705;14805, 0;14805, 0;15092, 0;0;15094, 14805, 0, 0, 0;
0;0, 0;0, 0, 0, 0;0, 0, 15052;0, 0;
0, 32169, 0;
0;0, 10086, 10060;0, 0, 0, 0;0;10086;10086, 0;14803, 14803;
10608, 10185, 10185, 0, 15052, 30248, 0;15092, 14678, 14102, 10069, 10069, 0, 30248, 14146;30248, 14168, 10060;
0, 0, 0, 0, 0, 0, 30248, 10719, 32006;15570, 0, 0, 30248, 14386, 14386, 14177, 14177, 15616, 15067, 0;15063, 15067, 0, 15039, 0;
15052;0, 0, 0, 30248;0, 30248, 0;14112, 30248, 0, 0, 0, 0, 0;30806;0, 0, 0;0, 0, 0, 0, 0, 30248, 0, 0, 0, 0, 0, 14032, 0, 0, 0, 0, 0, 0;
0, 14031, 15067, 15036, 15060, 30248, 0;11036, 0, 14805;14121, 14238, 14098, 0, 15552, 30248;14455, 14208, 10033, 10033, 14344, 15011, 14372, 10060, 14265, 30248, 15038, 15038, 15092, 15092;
0, 0, 0, 15039, 0;0, 0, 0;0, 0, 0;15083, 15066, 15066, 0;15009, 0;0;
0, 0, 15039, 0;14035, 14145, 14098, 0, 14189;0, 14098, 0, 15631, 0;0, 0, 0, 0;0, 15038, 0, 15009;15066;0, 0, 0;15039, 0, 0, 0, 0, 0, 0, 0, 0, 0;0, 0;
30186, 30355, 0;
15631, 30248, 14001, 15012, 0;15631, 30248, 15012;
0;
15012, 0, 15066, 0, 0, 15009, 15038;0, 0, 0, 0, 15067, 15036;0, 15012;0, 0, 0, 0;15060, 0, 0, 15009, 0, 15012;0, 15038, 0, 0, 15057, 0, 15052;0, 0, 15038, 15009, 15052, 15011;15045, 14436, 15012, 15009;0;
10107, 10094, 10094, 14160, 15052, 15036, 14267, 0, 14173, 30248, 14043, 14330, 15026;15631, 14318, 15631, 10069, 14318, 14810, 14810, 15057, 14301, 14318, 30248, 14810, 14301, 15094, 14145, 14281, 14446, 0, 0, 15631, 10106, 14810, 14810;14032, 0, 30248, 32133, 15094, 15052, 14319, 15631, 14249, 0, 15094, 14035;10007, 10702, 15039, 15094;10107, 14177, 15009, 10107, 10107, 15009, 15009, 15073, 15009, 14177, 15009;
14035, 14507, 0, 0, 0, 0, 0, 0, 0;14507, 14098;0;0, 0, 0;14507, 0, 11032, 14098, 14507, 14213;14098, 0, 0, 0;0, 0, 0, 0;0;0;
14475, 0, 30248;0, 14810, 14293, 0, 14810, 0;0, 15655, 0;30248;
14443;
15039, 15012, 14794, 0, 15545, 15052, 14794, 15094, 0;0;15045, 15038, 15038, 15038, 15012, 15038, 15012, 10060, 30248, 15038, 0, 0, 15094, 0;0, 0, 0, 15094, 15094;0, 15012, 0, 15012, 15012;0, 15066, 15066, 0, 15039, 0;
14145;0;15094, 15009;0;14440, 0, 14044;0, 15026, 14225, 14362;15083, 15009;0, 14393, 14393, 14440, 14682, 14475;
10724, 15012, 0, 0, 0;0, 0, 0, 0, 10075, 14168, 0;30248, 15052, 0, 14759, 14759, 14759, 0, 15094;0, 0, 0, 0, 30248;
10129, 0, 0, 10107, 0, 0, 0;0, 0, 0, 14719, 0;0, 0;0;0, 15009, 0;15074, 0;15009, 0, 0;0, 0, 0;0, 0;
10719, 10724, 0, 10086, 10719, 0;15655, 0, 0, 11352, 11204, 11310;10652, 11048, 10060, 10701, 10701, 10701, 11048;15631, 0, 0, 15039;15631;
14784, 15094, 0, 14177, 14333, 30248, 14784, 11081, 14191, 14191, 15094, 14160, 14160, 14118, 0, 0, 0;11052;0, 0, 0, 14580, 30248, 14580, 14784, 14580, 0, 15094;14051, 30248, 14051, 14556, 11149;
0, 0, 0, 0, 0, 0, 0, 14333, 14225;15631, 0, 0, 0, 0, 0, 15009, 0, 0;0, 15655, 10710, 0, 0, 0, 15631, 0, 15655, 15631;0, 0, 0, 0, 0;
0;0, 30248, 0, 0, 0, 0;
10726, 10047, 15052;14051, 0, 0, 30248, 30170, 14330, 14330, 14330, 14330, 30170, 14330, 30216, 14330;0, 0, 0, 0, 0;
15094, 30248, 30248, 30139, 15083, 14173, 15009, 15009;14345;
0, 0, 0;10632, 10632, 10632;0, 15066, 0, 0, 15038, 30248, 0, 0, 0, 0;0, 0, 0, 0, 0, 0;
14810, 14810, 0, 0;0, 0;
14591, 14231, 14418;
0;0;0;
15002, 15012;0, 0, 0, 15052, 0, 0, 0, 0, 0, 0, 30248;0, 11075, 11036, 11288, 0, 0, 0, 15094, 0, 0, 0, 0, 0, 0, 11224, 0, 15039, 11094, 11291, 0, 0, 0, 11379, 0;
10652;
14123, 14627, 10724, 0, 30248, 10724;0, 0, 0, 0, 0, 0, 0, 0, 14544, 0, 14544, 14705;11114;10608, 0, 0, 0;0, 0, 14102, 10724;0, 15094, 31017;0, 15012, 0, 15012;14810, 0;
11356, 0, 11387;0, 0, 30170, 15011, 0, 0, 30063, 15060, 30170, 14291, 14291, 0;30248, 0, 0, 14162, 0, 14780, 0, 0, 14757, 10154, 0, 14732, 10062, 14723, 14810;11260, 11119, 0;14805, 10211, 10211, 10060, 14152, 30248, 0, 14805;30248, 0, 10068, 10706;30248, 0, 15094, 0, 0, 11385, 0;30004, 0, 0, 0, 0, 0, 30060, 30248;10086;
0;0, 0;
0, 0, 30248, 0, 0, 14024, 14313, 14798;11133, 11048, 11281, 11159, 11159, 11159;14809, 14443, 14341, 14809, 14809, 14809, 0;0, 14313, 14341, 15094, 0, 0;11128, 11114, 15052, 0;11159, 0, 30248, 11241, 0;0;0, 0;
14504, 10012;30248, 0, 14475, 14082, 10691, 10691, 0, 0, 10123, 0, 10123, 10123;0;14794, 14082, 14082, 14082;10123, 14651, 14322, 14449, 14082;15039, 0, 0, 0, 14231;11385;15052, 14245, 15052, 0, 10038, 0, 0, 15631, 15631, 14322, 14322;14794;
10086;30248, 10086, 10086, 10086;0, 0;0, 15039;10211, 10211, 10211, 10652;10125, 10208, 0;0, 0;0, 0, 15012, 30248, 15012, 15012, 0;15012, 0;30248, 14177, 0, 15038, 0, 15038, 15038, 15038, 15038, 15038, 0, 14281;0, 0;15039, 0, 15631;0, 14794, 30248, 0, 0, 10012, 10012, 15631, 15631;10012, 10012, 0, 0;15094, 30170, 0;14097, 10068, 14573, 14573, 14338, 0, 14031;0, 0, 0, 0, 0, 10724, 0, 0, 14509, 0, 14268, 30248;10127, 10211, 10080, 10124;10068, 15631, 15631, 15631;15631, 0, 14338, 10127, 0, 0, 0, 10080, 10080, 14573, 14573, 10127, 30248, 0, 10107, 10659, 10659, 10107, 10127, 0, 0, 0, 0, 0, 14338, 10124, 10127, 10124;0, 14098, 14112, 0;10068, 0;10120, 10120, 0, 30248, 10127, 10127, 11036, 10127, 10127, 10125;
0;14330, 15039, 0, 15039, 0;0;30248, 14267, 15074, 14267;0, 0, 0;14033, 15066, 0, 14509, 30248;15066, 30248;
11032;0, 0, 0;0, 0, 0, 0, 0;0, 0;0, 0;0, 0;0, 0;0, 0;0;
14615, 30170, 30131, 30131, 14213, 14126, 14265, 14615;14149, 14149, 14149, 14291, 14213, 15060, 14032;0;
10087, 0;0, 0, 0;14230, 14230, 0, 0, 0, 0, 0, 0;0, 0, 0;0;0;
0, 0, 0, 14032, 0, 0, 0;0, 0;15012, 0, 0;30248, 15012, 0, 0, 0;0, 15631, 0;0;
14354;11026;0, 15094, 30216, 0, 15094;0, 10706, 15123, 15123, 15123;0, 15052, 15052, 10706, 15052, 14805, 14805, 15039;11148, 11334;
10062, 30248, 10133, 10010, 10133, 10045;10133, 10045;0, 0, 10133;
0, 15049;15009, 0, 15052, 15052, 0, 0, 15052, 15052;15009, 15012, 0, 14651, 0, 15009, 15049, 15009;15092;
0, 0;0, 0;0;0;15052, 0;0;0, 15052;0, 15052, 0;15052, 0;0, 0, 0, 0;15094, 0;31017;0, 0, 0;0, 0;0;0, 0;0, 0;0;11223, 0;0, 0, 0;15052, 0;0, 15094;0;14098, 0, 0, 30253, 14112, 0;0;0;0;30256, 0, 30322;0, 15094;15012, 0;10124, 10608, 10608, 10724, 10724, 10124;
30812, 10701, 10706, 30742;15039, 15094;10729, 10729, 10729, 10729, 14622, 0;14622, 0, 14622;15094, 15094, 0, 14833, 10624, 14196;14196, 15039, 15123, 14197;
0, 10033, 14288, 0;0, 0, 0, 14041, 15012, 0, 15570, 14041, 31017;0, 14444, 10033, 10033, 15653, 10086, 14622, 10164;
11224, 0, 0, 11301;30248, 0, 0, 0, 0, 0, 0, 0, 0;0, 30248, 0, 0, 0, 0, 0;10053, 0, 0, 0, 0;0, 0, 0, 30248, 0;15039, 30256, 0, 30355;0, 0, 0, 14016, 0, 14016, 15094, 30248;
0, 15009, 15009, 0, 0, 14293, 14354, 0, 14104;0, 0, 0, 15012;14098, 0;
0, 30727, 0, 0, 0, 0, 0, 0, 0;0, 30248, 0;0, 14357, 14357, 14319;
0, 30248, 0, 14678, 0;0, 0, 0, 0, 10107, 10107, 0, 14377, 0, 0, 14177, 14177;10068, 0, 0, 0, 0, 15094, 14651, 14396, 14281, 14442;15012, 0, 0, 15667, 14043, 11133, 0, 0, 0;14726, 15094;
0, 14338, 14338, 0, 14442, 14357, 0, 14357, 11129, 14177, 14233, 0, 0, 14177, 0, 0, 0, 0, 0, 0, 11048, 11048, 14442, 14442, 0, 11241, 11241, 14810, 14810;14622, 14622, 15052, 15094, 15052;10719, 10705, 10724;0, 34079, 0, 34079, 34195, 34079, 34079, 34079, 34079, 34195, 11385, 34079, 34077, 30248, 14795, 0, 34815, 34079;0;
0, 14008, 15094;0;31095, 31070;0, 14322, 14229, 14314, 14044, 0, 14322, 31067, 10060, 10060, 14167, 14116, 0;0, 0, 0, 30204, 0, 0, 0, 0;31017, 0;0, 0, 0;
0, 30170, 0, 0;0, 10741, 10038, 0, 0, 0;0, 0, 0;
10154, 10692;10706, 15061;10086;15570, 15073;
0, 14191, 30248, 10137, 10137, 0, 14097, 0, 0, 0, 0, 14475, 0, 0, 0, 0, 0, 14785, 14319, 14319, 14573, 14573, 14573, 14580, 14580, 14580, 14580, 0, 14786, 14544, 31035, 31027, 31027, 14224, 0;0, 15012, 15012, 15012, 0, 0, 0, 10137;15123, 30727, 0, 0, 15094, 15094, 15094, 0, 0, 0, 0, 0;0, 0, 0, 14794;0;
0, 0, 0;14306, 14366, 0, 0, 0, 0, 0;14546, 0, 14126, 14043;14545, 0, 0, 0;0, 0, 0, 0, 0;0;
15012, 15094, 15012;15052, 14442, 14442, 15039;15009, 0, 0, 0, 0, 0;14010, 0, 14010, 14110, 15039, 14322;0, 0;
0, 0, 0, 0, 14177, 0, 0, 14798, 15060, 0, 0, 0, 10211, 14544, 14544, 14544, 10064, 0, 30248;0, 0, 0, 0, 0;0, 0;0, 10069, 0, 10163, 10721, 14104, 30248, 0, 10706;0, 0, 0, 0, 0, 30248, 0, 0, 0;0, 14330, 14810, 0, 0;0, 0, 0;
15012, 15012, 14208;0, 0, 14338, 14112, 0, 11159, 11159, 0, 14338, 0, 15012;0, 0, 0;34214, 34214, 34214, 34214, 34214, 34214;15052, 15012, 15012, 15012;
0, 0, 0, 0, 0;0, 0, 0, 0;0, 0;0;0, 0;0, 0;0;30123, 0;0, 0, 0;15012;
0, 0, 0;0, 0, 0;11036;10043;30248, 10211, 10163, 14051;
0, 0, 0, 0, 0, 0, 14678, 0, 14067, 14793, 15094, 14110;0, 15632, 0, 0, 0, 14281, 0, 15032, 30248, 14281, 0, 14281, 0;15552, 0, 15632, 0, 14355, 14196;0, 10714, 0, 0, 0, 14730, 14793, 0, 0;15012, 15094, 10729, 15094, 15094, 30248, 15094, 0;0, 0;
0, 0, 0, 0, 31017, 0, 0, 0, 0;0, 0, 0;
14519, 14717, 14622, 0, 0;10086, 0;10033, 0, 0, 0, 10124, 0, 10124, 14622;0;14356, 14758, 30170, 14356, 14461;0;0, 0, 11129;14622, 31166;31027;0, 15066, 10086, 0, 0, 15038;10094, 10033;10124, 10124, 15078, 0, 0, 0, 0, 14622, 0, 15078;0, 11008, 11008, 14168;
14129, 15045, 15083, 15083, 0, 0, 15011, 14129, 14044, 14044, 14372, 14044, 0;10080, 10080, 10127;15094;14444, 14372, 14265, 15631, 15631;
0, 14258, 0, 30248, 10719, 0, 0, 0, 0, 0;15060, 15060;
14705, 14794, 10091, 14705, 14705, 14705, 14705, 14705, 14705, 14705, 14797, 14705, 14121;11114;10062, 14794, 10007;0;
10068, 30248, 0, 0;0, 14354, 0, 0, 0, 0, 0;34214;0;15012, 0, 0, 15012, 0, 15012;0, 14545, 0;
0;0, 0;0;
14177, 10123, 14160, 0, 0, 14313, 14177, 10123, 10123, 15038, 14321, 11026, 0, 15045, 15012, 15045, 14759;0, 0, 0, 0, 14354, 0, 14442, 0, 0, 0, 0;30170, 0, 0, 0, 0, 14173, 30269, 0, 0, 0, 0;
0, 14319, 14319, 14293, 14005, 14319, 0, 0, 0, 0, 14366, 14362, 14051, 14362, 14362, 14362, 14759, 14070;0, 14354, 0, 14145, 0, 0, 15066, 0, 0, 15026, 15026, 14098;14366, 14098, 10080;
14167;10692, 15052, 10086, 0, 0;0, 15094, 14435;11154, 15045, 10060, 10060, 0, 11154;0, 0;0, 0, 0;0, 0, 0, 0, 0, 0;0, 0, 15066, 0, 0;0, 0;11388;0;14036, 14098, 14098, 10062;0, 14265, 14265, 10060, 0, 15631, 0;10060, 0;0, 0, 0, 0, 0, 0, 0;0, 0, 0, 0, 0, 0, 0;0, 0, 0;0, 0, 0;0, 14435, 10060, 0, 0;10086;0, 0, 10060, 0;0, 0, 0, 0, 0;15052, 0, 0, 0;
0, 14445, 0, 15012, 15012, 30248, 14196;0, 0, 14196, 15631, 14208, 15631;0, 0, 14008, 0, 15067;0, 15066, 14173, 14123, 14230, 0, 14230, 14230;
0, 14267, 0, 0, 0, 0, 0, 0, 0, 0, 0, 30248, 30248, 0, 14112, 10616, 10616, 14112;0, 0, 14449, 0, 0, 10652, 14792, 0, 0, 15092, 30248, 0, 0, 0, 0, 0, 0, 0, 14729, 34048, 14667, 15092, 10719, 0, 10724, 10724, 14475;0, 0, 15012, 0, 30248, 15039;15631, 14079, 30170, 0, 0, 14737, 11327, 11327, 11327, 11225, 30170, 0, 0, 10632, 11327, 15092, 30248;0, 0, 11327, 11327, 11327, 11327, 14080, 14112, 0, 15009, 0;
0, 0, 0;
0, 0, 0;
0, 0, 10062, 0, 0, 14008, 0;0, 0, 0, 0, 0, 15631, 0, 0, 30355, 14581, 14330;15092, 14098, 0, 0, 0, 0, 0, 15009, 30248, 0, 15039, 0, 0;14281, 10086, 30269;0, 15092, 0, 0, 0, 30248, 15039, 0, 0, 0, 0;0, 0;0;
0, 0;0, 0;0, 14322, 0;0, 14265, 14265, 0, 14079, 14362;0, 0, 0, 0, 30248, 0;
0;0, 32383, 32383;
0, 10084, 0, 0, 0, 0, 30248;0, 10068, 30248, 0, 0;0, 0, 14313, 15066, 30248, 0;0;
14186, 14126, 0, 0;
10722, 10722, 10722, 11129, 10722, 10722, 30248, 10722, 30060;0, 0, 0, 0, 0, 30248, 11129, 0;34764, 34764, 10214, 10214;0, 10091, 10091, 0, 0, 10091, 30248, 10091;15009, 15009, 0, 0, 0;
0;0;0, 0, 0, 0, 0, 0, 0, 0, 0;15052;14265, 14265, 0, 0, 15631;14265, 14265;
14079, 14592, 14265, 14265, 15012;0, 15009, 10107, 10107, 14123, 14123, 14703, 30248, 15011;14509, 0, 0, 14705, 14705, 14444, 15576, 0, 14705, 0;14345, 14509, 14509, 14509, 14079, 30248;14173, 14173;0;14173, 0;34224;15045, 14344, 0, 14422, 14807, 14267, 15026, 14475, 15012, 14020, 14678, 14422;0, 0, 0;
0, 0, 0, 0, 0;14313, 0, 0;
14177, 14622, 14622, 10714, 10106, 14727, 30248, 14322, 14805, 30248, 10724, 10724, 0, 14241, 14313, 14475, 14622, 14737, 14458, 14579, 14579, 15632;10706, 10727, 10706, 0, 10706, 10706, 10719, 15123, 15123, 15009, 15009, 15094, 14177, 30248, 14196, 14196, 14196, 14196, 0, 14167, 14691, 14622, 15545, 14322, 14622, 0, 14712, 10706, 14241, 14622, 14622, 14241, 15052;14241;14769, 14622, 14330, 14330, 14799, 14799, 0, 30248, 14799, 14213;15092, 0, 0, 0, 30248, 15094, 15039, 0, 15092, 0;14196, 14794, 14196, 15039, 14322, 14475, 14475, 14196, 14737, 10729, 10706, 10706, 10706, 14082, 10706, 10706, 10706, 10706, 15554, 10729, 14082, 14082, 10729, 14622, 14322, 14475, 14024, 30248, 14082, 15094, 15009, 14622, 15009;15012, 14830, 0;
10706, 15002, 0, 15002, 15577, 15577, 15094;15632, 15094, 15067, 15074, 15632, 15094, 15123, 11114, 14622, 15094, 14622, 15094, 14442, 14265, 15067, 14279, 14544, 15094, 14460, 14460, 11204, 30170, 14626, 14626, 14626, 15074;15002, 15009, 15009, 14355, 15009, 15094, 14241, 14811, 15094, 14752, 15094, 0, 15094, 15012, 15570, 14615, 14460, 14079, 15632, 0, 15632, 15632, 15632, 14626, 15590;0, 0, 15590, 15052, 15001, 15632, 15632, 15632, 14265, 15001, 0, 15590, 15094, 30248;14545, 15094, 0, 14395, 11049, 0, 15094, 15094, 0, 15094, 14112, 0, 0, 14051, 14224, 0, 0, 15031, 11049, 14265, 14177, 11026, 15094, 30248, 15009, 15009, 0, 0, 15002, 0, 14265, 15094, 15094, 14051, 0, 14322, 0, 14032, 15092, 11049;14213, 15092, 15001, 15094, 14001, 14079, 14079, 15094;
0, 0, 0, 30248, 15052, 0;15012, 10124, 0, 0, 30248, 0, 30170, 0, 0, 0;0, 0, 30248, 0, 0, 0;11204, 0, 0, 0, 30248;0;
0, 30762, 11265, 0, 0, 30248, 0, 11384, 14330;30831, 15123, 32295, 30192, 11365, 0, 30248, 14366, 32295, 0, 15123;30170, 30170, 30269, 30248;33080;15641, 11384, 11265, 11265, 0, 15641, 15641, 30248;30248, 15123, 10706, 10706, 10706, 10706, 10706, 15635, 15123, 0, 0, 15570, 15570, 15570, 15570, 15570, 15570, 0, 15123, 15123, 10706, 10706, 10706, 15123;10706, 10706, 10706, 0, 10706, 10706, 0, 0, 10706, 0, 10706, 10706, 30248;11159, 11159, 11159;
11219, 11219;0, 30170, 14179, 0, 14475, 0, 14648, 11154, 11154, 15009, 14455, 30248, 14224, 0, 0;14372, 14356, 0, 15066, 0, 14461, 0, 14475, 14682, 0, 14648, 15009, 15012, 30248, 0, 14455, 14807, 15012, 15012, 15012;14356, 14322, 14461, 14714;
0, 15052, 30248, 0, 0, 14189, 0, 0, 0;
14092, 10086, 14092, 14780, 14780, 10706, 14019, 14019, 14092, 0;0, 0, 0, 15052, 0;0, 15653, 10706, 30248, 33033, 10706, 15039, 15039, 15039, 10706;
0, 0, 0, 14727, 15009, 0, 14622, 10659, 30248, 10659, 10659, 15012, 10086;0, 0, 0, 15077, 14333, 30248, 0;0, 10659, 0, 30248;0, 0, 30248, 0, 0, 0, 0, 15081;0, 14386, 30248, 30170, 30170, 15648;
15039, 15052, 0, 14231, 15581;34224, 15001, 15001, 15001, 0, 15001;
30216, 11221;
0, 0, 0, 0, 0;0, 0, 0, 0;30248, 0;0, 0, 0;0, 0, 0;0;0, 0;0, 14231;0, 0;
11342, 0;14291;
0, 0;14421, 14313, 14781, 14313, 30248, 14313, 14313, 14313, 14313, 14313, 14041;14265, 14396, 14251, 14251, 14251, 0, 14737, 0, 30248, 15094, 15066;0, 10086;0, 0, 0;0, 0, 0, 10652;0;0, 0, 11220, 11221, 11036, 11221, 11334, 11036;
14442, 15092, 30248, 0, 30248, 15052, 0, 15052, 0, 14436, 10091, 14082, 14322, 14281, 14556, 14444, 14245, 14524, 14208, 14196, 10091;15083, 14688, 10652, 0, 14651, 11383, 14067, 10211, 10211, 0;10091, 10091, 30248;10107, 10107, 10706, 10706;0, 0;
31059, 15060;
11233, 15590, 14807, 0, 15590, 14475, 15052, 11201, 0, 14455, 14104, 30248, 0, 14740;
14752, 0, 0, 14780, 14545, 14752, 14752, 14752, 14752, 0, 0, 15067, 14291, 14045, 14338, 14338, 14338, 14338, 0, 15545, 0, 0, 0;0, 15011, 15094, 30170, 14322, 30170, 14322;14338, 0, 15067, 0, 0, 14705, 0, 15057, 30248, 0, 0, 15057, 14338, 31133, 14810, 0, 30170, 0, 0, 0, 0;0, 10091, 10066, 15001, 14752, 0, 14752, 15001, 15057, 0, 14224, 0, 0, 0, 0, 30248, 0, 30248, 0;0, 14098, 30248, 34129, 0, 0, 0, 0, 0;0, 10068, 14338, 14338, 14366, 30248, 14338, 14338, 15057, 0, 0, 0, 10068, 0, 0, 10068;14366, 14246, 14622, 14510, 14354, 0, 30248, 15649, 30248;15554, 0, 30248, 10730, 10730, 0;
0, 0, 0;
15648, 0, 15648, 34020;15557, 15052, 15094, 0, 30248, 32006, 10732, 14678, 14731, 0, 15094, 15052;14519, 10091, 10706, 0, 15052, 30248, 0;14145, 14488, 14488, 14168, 14622, 14678, 14446, 10060, 15038, 10706, 10706;
0, 0, 0, 0, 0, 0;0;
14051, 14071, 30248, 30248, 14041, 14396, 0;
0, 0, 30727;0, 15094, 0;11150;
0, 0;0;
0, 0;14123, 14208, 30248, 14440, 14440, 0, 15083, 0, 15083, 15011, 0, 15012;0;
0, 0, 0, 0, 15052, 0, 0, 0;0, 0, 0, 0, 0, 0;0, 0, 0, 0;0, 0, 0, 0, 0;0, 0, 0;
0, 0, 0, 0, 0, 0;0, 0;0, 15631, 0, 15094, 0, 0;0, 15012, 15012, 0;0, 15012, 15012, 14622, 0;15094, 15094, 0;0, 0, 0, 15039, 0;
10702, 10702, 10702, 10706, 10706;10702, 0, 10724;0, 0, 0, 14705, 14705, 0, 0, 0, 0, 14705, 30248;14752, 0, 0, 10015;0, 0;11314;30248, 0, 0;0, 0, 0, 0, 0, 0, 0, 0, 0, 0, 0, 0, 14177, 0, 32047, 30248;0, 0, 0, 30248, 15066, 0, 0, 15066, 0;
14330, 30833, 0, 15073, 30248, 15094;0, 0, 30248, 0, 0, 0;0, 0, 14622, 14395, 0, 14196, 0, 0, 14395, 30248, 0, 15577, 0;0, 0, 30833, 0, 0, 0;
0, 0, 0, 10719, 10719, 0, 0;11123, 0, 0, 0, 15094, 0, 0, 0, 11123, 11123, 11123;0, 15002, 0, 15094, 15667, 0, 15667, 0;14475, 14740, 34039, 14258;
30833, 0, 0, 10706, 10124, 10124, 10124, 30248, 10124;15052, 0, 0, 14284, 0, 0, 30248, 30248, 0;15033, 15033, 0;15094;
10624, 14322, 14475, 0, 14173, 14622, 0, 0, 14622, 14362, 0;0, 0, 0, 0;0, 0, 14145, 0, 14322, 15631;14362;
15065, 11123, 11123, 0, 14051, 15094, 15052, 0, 0, 0, 30248, 14230, 14230, 15002, 15066;14445, 14372, 14196, 0, 15060, 14712, 0, 14051, 14826, 14281;11144, 11379;11057, 11215;0, 14372, 0, 14622, 14268, 14712, 14041, 11159, 14196, 0, 11159, 14268;15012, 15092, 14712, 14268, 14449;14322, 14712, 14196, 14079, 14372, 14051, 14071, 14445, 14622, 14268;14789, 14372, 14475, 14020, 0, 14712, 14200;
0, 0;0, 0, 0, 0;11286;0, 0, 0;0, 0;10066, 10066;0;0, 0;0;0, 0;0;0, 0, 15123;0;0, 0;0, 0;0;0;0, 30248, 15052, 15094, 0;0;0;0, 0;0;0;14033, 15073, 14177;0;0, 0, 14177, 0;0;0, 0, 15078;0;10659, 0;10049, 0;0, 0;0;0, 0;0;0;0;
0, 0;0, 30248, 0, 0, 0, 0;30080;
0, 0, 0;
14805, 15631, 15631, 15629;15094, 0, 0, 0, 0, 0, 11228, 0;0, 11123, 14798, 14693;
14033, 0, 15002, 0, 0, 0, 0, 0, 14033, 0, 14408, 14080, 30248, 14622, 0, 15012;15009, 15009, 0, 0, 0, 0, 0, 14678, 14678;
15039, 0, 0, 0, 14043, 14189, 0, 0, 0, 14177, 0, 0, 0, 0, 0, 14678, 15631, 0, 0, 0, 10608, 0, 15631;0, 14651, 0, 0, 0, 0, 0, 15094, 0, 15094, 15094;0, 0, 14651, 0, 0, 0, 0, 0, 0, 15012, 15094, 10086;10045, 0, 0, 0, 0, 0, 14362, 15094, 14804, 0, 14331, 14650, 14119, 14322, 34214, 0, 0, 14331, 0, 14539, 14350, 14123, 10706, 0, 10706, 0, 14330, 0, 14088, 14350;15039, 0, 15094, 0, 15039, 0, 0, 0, 0, 0, 0, 0, 0;0, 0;
30833, 30812;0, 0;0, 30172, 30172, 0, 0, 15052;14177, 14210, 0, 0, 0;
0, 0;0;0, 14200, 10069, 14200, 0, 0;14160, 0;0;15655, 15094;30248, 0, 30170, 0, 30131;0, 30248, 0, 0;14200;0, 14354, 14630, 14346, 14121;0, 0, 0;30248, 0;
0, 30248, 14431, 10086, 10086, 15094, 15094, 15052, 15123, 15052, 14230, 14230, 14719, 15060, 10211, 14622, 10086;14231, 0, 30248, 0, 0, 0, 14622, 14151, 11168, 14151, 0, 14044, 0;0, 30833, 0, 0;
0, 0;10086;0, 0, 0;0;
14519, 15094, 14805, 0;15039, 14564, 14212, 15060, 15067, 14145, 30248, 10106;0, 0, 0, 0, 0, 0, 14331, 14331, 0, 0, 0, 0, 14039, 0, 0, 0, 0, 0, 14117, 30248, 0, 0, 0, 0, 14544, 0, 30248, 14330, 14104;15078, 0, 0, 0, 15073;0, 14110, 14110;
15631, 15631;0, 0;0, 0, 0, 15060, 15060;15094, 0, 0, 30248;0, 15094, 0, 0;
0, 0, 0, 0, 15012, 0, 15094;0, 0, 0, 0, 0, 0, 0, 15039, 15039, 0, 0, 0, 14236, 0, 0, 0, 0, 0;0, 0, 0, 0, 0, 0, 15009, 0, 0, 0, 15012;11129, 34801, 0, 15039, 14805, 15039;
0, 0, 0, 10124;0, 10124, 0;15542, 0, 30248, 0, 0, 0, 0, 0;14366, 10124, 14810;
0, 10085, 10085, 0, 30248, 0, 0, 0, 15039, 10064, 0, 0, 15039, 30248;14225, 14225, 14674, 14674;14225, 0, 30248, 14044, 14225, 0, 14630;30248, 14322, 0, 14444, 14694;32215, 14622, 32183;0;15052, 0, 15026;0, 14108, 0, 14108;15094;15066, 0, 0, 0, 0, 30198, 14267;15577;
0, 0, 0, 0, 0, 0, 0, 0, 0, 0, 30248, 0;11129, 0, 32133, 30248, 15026, 0, 0, 32006, 15094, 15094;0, 0;14044;0, 15012, 15052, 15094, 14622, 0;
0, 0, 0, 10198, 0;0, 0, 0, 0, 0;14544, 14544, 14544;10068, 0, 10068, 14362, 14313, 15028, 14362, 0, 14313;15094, 15028, 14112, 15026;11114, 11224;14810, 14810, 0, 14353, 15026, 15028, 14366;
0, 14793, 15009, 15009, 15009, 0, 0, 0, 15052, 14247;
0, 0, 0, 0, 10710, 0, 0, 30248, 0, 0;30248, 0, 14330, 15094, 14330, 14330;14301, 0, 14079, 0, 0, 0;0, 0, 30248, 14810, 0, 0;0, 0, 0, 0, 0;0, 0, 0, 0, 15631, 0;0, 0, 0, 0, 14759, 0;0, 0, 15094, 0, 0;0, 0, 0, 0, 0;0, 0, 0, 0, 30248;
0, 0, 0, 0;14110, 0, 0, 14230, 14372, 15094, 10053, 0, 14651;14177, 14651, 14651, 0, 0, 10053, 0, 11241, 14177, 15039, 0;0, 14810;14622;
0, 0, 0, 30248;0;0, 11241;30248, 15039, 14810, 15039, 14200;15012, 0, 15012, 15012, 0, 15039, 30248;15012, 0, 14651, 14213, 30248, 0, 15039;31027, 14798, 0;15631, 15039;0, 0, 0, 0;0, 0, 15066, 15038, 15038, 15066;15066;
15012, 15094, 0, 0, 15012, 34818, 0;14338, 30248, 15094, 15094, 0, 0, 0, 0, 0, 14177, 0, 30216, 30216, 0, 0, 14372, 0, 0, 0, 30798, 14810;32133, 0, 32188, 0;33033;0, 0, 15060, 14338, 0, 0, 30248, 14789, 15009, 10127, 0, 30192, 14789, 14789, 30192, 14338;0, 0, 0, 0, 14442, 30172, 0, 0, 0;

14354, 14032, 15038, 30248, 0, 15009, 15012, 14580;15060, 0, 0, 15060, 14544, 14544, 0, 0, 30248, 0, 0, 0, 0, 14117, 0;0, 0;15066, 14826, 0, 0, 14121, 30248, 15039, 15039, 15094;0, 0, 14191;
14372, 0;32116;0, 0, 14366, 14366;0, 0, 0;0, 0, 0;0;0, 15052;0, 15052, 0;0, 0, 15052, 0, 0, 0, 0, 0;0;14247, 0, 14443, 14151, 14443, 0, 14044, 14443, 30248, 14794, 14475, 14794, 15063, 15063, 15063;
30216, 0, 0, 30256, 0, 0, 0, 0, 15094, 15094, 30248, 0, 32188, 0, 0, 0, 0;15094, 0, 0, 30170, 0;0, 15631, 0;14245, 0, 14123, 30248, 10007, 15631, 14803;0, 14789, 14789;15012, 14245, 11114, 14281, 10033, 10033, 30248, 10628, 15631, 0, 10706, 0, 14779, 14793, 10094, 14442, 0;11094, 14366, 15012, 14177;0, 0, 11234;15012, 34764, 10211;
14807, 14519, 14682;0, 0, 0, 0, 15094, 0, 0, 0;0, 0, 14651, 30248, 15094, 0, 0, 0, 0;0, 0, 15002, 0, 15052, 0, 0;14160, 14519, 0;0, 0, 0, 0, 30248;15052, 15052, 0, 0, 0, 0, 14622, 0, 0, 0, 10106, 15052;0, 0, 0, 15011, 0, 0, 15011, 0, 0, 0, 0;0, 0, 15045, 15123, 0, 0;15094, 0;0;0, 0;0, 0;15052, 0, 0, 14157, 0, 0, 0;0;
11130, 0, 0, 0, 0, 30172, 0, 30248;0, 0, 0, 15026, 0, 10086, 0, 0;14265, 0, 0, 14043;0, 0, 15012, 0, 11119, 0, 0;0, 0;10616, 10706;0, 15026, 30778;
0, 0, 0;0, 0;0, 0, 14265, 14265, 0, 0, 0, 14265, 0, 0, 0;0, 0, 0, 0;0, 14341;
10685, 30216, 30216, 10685, 10685, 10685, 10685;0, 0;0, 14573, 14573;0, 15060, 15060;0, 0, 0, 0, 0;0, 0, 0, 0, 0;0, 0, 0, 0, 0, 0;0, 0;
0;14330, 14330, 14177, 14177, 31035;0;14544;14231;15631, 15631, 15094;0;14357, 14333, 14357;0, 0, 0;0, 0;
0, 14740, 14153, 0;14008, 30248, 14098, 0, 0, 0, 0, 0, 0, 14200, 14810, 14213, 14213, 14810, 14189;0, 0, 0;14225, 14022, 34001, 14022, 11156, 34001, 34001, 0, 11156, 11156, 30248, 11156;14098, 14799, 30248, 0, 14507, 0, 0;14803;
14362, 14831, 30248, 14362, 0;0, 14601, 0, 14580, 14580, 0, 0;14331, 0, 0, 0, 14246, 14319, 0;
15052, 30248, 14196, 14196, 14069, 11129, 11100, 15012;
0, 0, 0, 0;
0;0, 0;0, 0, 0, 0, 0;30764, 30764, 30764, 30764, 30764, 30798, 30355, 30798, 30764, 30727, 30727, 30355, 30355, 30355, 30256, 30241, 30764, 30764, 30764, 30764, 30764, 30186, 30307, 30307, 30170, 0, 30007, 0, 30764, 30307;11224;0;0, 0, 0, 0;0, 0, 0, 0;
14229, 10068, 15002, 14084, 14301, 0, 0, 0, 30248, 0, 15060, 11291, 11110, 15577, 14149;0, 15052, 0, 30248;30248, 0, 0;
15074, 0, 14622, 30248;30833, 0, 15012, 15066, 14366, 14258, 14200, 14622;0, 30248, 14449, 15094, 0, 14693, 0;10083;14338, 14208, 14688;
11106, 0, 30248, 15052, 0, 0, 0, 14622, 14622, 0, 0;15635, 15635, 15092, 30248, 15057, 15653;0, 0, 30040, 30248, 30040, 0, 0, 0;0, 0, 0, 14366, 15052, 0, 0, 0, 0, 30216;33009, 30248, 33046, 33054, 11129, 33046, 34175, 34175, 34241, 34106;10133;
0;0, 0, 0, 0, 0, 0, 0;0, 0, 14117, 14117, 0, 0, 10062, 10062;0, 0;0, 10062;15092, 0, 0, 0, 0, 15039;10066, 15067, 0;10659;0, 0, 0, 0, 0, 0, 11079, 0;15012, 0, 15012;15094;0, 0, 14265, 0, 14705, 15552, 0, 14265, 15067, 15094;10701, 15092;10062, 10062, 15616;15009;
14622, 0, 10086, 32133, 14797, 31019, 30105, 10127, 30248, 14652;14043, 0, 14622, 0, 14739;30727, 0, 15009, 0, 10692;0, 14809;
0, 0, 0, 0;0, 0, 15094, 0, 0, 0;0;0, 15094;0;0, 0, 15094, 15094, 0, 0, 0;11026;0, 0, 0, 0;
30819, 30248, 0, 30253, 0, 14694, 14366;11327, 0, 11327, 34384, 11129, 30248, 11221;0, 0, 0, 0, 0, 0;10060, 0;0, 0, 0, 0, 14233, 15067, 0, 0, 0, 0, 14238, 14281, 0;
0, 0;14573, 14333, 14357, 14357, 14357;0, 0, 0, 0, 0, 0;0, 14338, 0, 14338;10086, 0, 0, 0;0, 0, 0, 0, 0;32133, 15052, 15052, 30248;14396, 11156, 15009, 15009, 14196, 0, 10060, 10094, 10094, 0, 14033, 0;
0;15012, 15012;0;0;15012, 15012, 0, 0, 0, 0, 0, 0, 0, 0, 30248;15094, 15094;0, 15094, 15094, 30248;0;0, 15012, 15012, 0, 0;
0, 0, 0;0, 0, 14001, 0, 0, 0, 0, 0, 0;0, 0;0, 15052, 0, 0, 0, 0;0, 0, 15052;0, 0, 0, 0, 30248, 0, 0, 0;0, 0, 0, 14345, 30248, 0, 0;
10080, 0;10007;10702;10702, 10211;10161, 10706;
14313, 14313, 0, 14810, 15094, 14313, 0;14780, 0, 14313, 14224, 14008, 0, 11036, 14313, 14781, 11154, 15001;15067;14313, 15094, 10063, 0, 14780, 0, 10163, 14781;15001, 0, 15082, 0, 0;0;
10086;10060, 10060;15039, 14591, 0, 0, 0, 14350, 0, 30248, 14386;0, 0, 0, 14386, 15039, 0, 30248, 0, 0, 0, 14386, 0;0, 0, 0, 0, 0, 0, 15039, 0, 0, 0;0, 0, 0;
0, 30248, 0, 0, 0;14372, 10098, 14475, 14313;
14313, 0, 0, 0, 0, 15094, 30248, 15632, 14341, 14736;0;15094, 0, 15094, 15123;
14355, 14355, 15067, 15060, 30248, 14453, 15616;
30170, 31035, 0, 0, 14651, 15073, 32196, 30120, 32133, 32133, 32133, 14082, 14082, 30017, 30248, 32133, 30170, 30120, 15632, 11159, 11159, 11159, 14601;30355, 10086, 30120, 30120, 10199, 0;15057, 15057, 0, 0, 0, 30192, 14795, 0;0;
0, 0;0, 14622, 30248, 14279, 0;
15012;0, 15052;0, 0;0, 0;0, 0;15012;0, 14322, 14151;14404, 15012, 0, 0, 14404, 14362;0;0, 0;0, 0;0;15012;10045, 30248, 14798, 10045;0;0, 0, 0;0;0;
0, 0;15074, 15074, 15012, 30248, 0, 0, 0, 15039, 15039, 0, 14318, 0, 0, 14133, 0;0, 0, 0, 0, 0, 0, 11079, 14355, 14794, 30248, 14794, 15590, 0, 14794, 10706, 10706, 10106, 10729, 15631;10104;0, 0, 0;15012, 0;
0, 11112, 11046, 0, 11345, 0;0, 0, 0, 0;0, 30252;
10033, 14051, 10717, 14442, 10033, 10033, 30248, 14177, 14177, 0, 15066, 32295;0, 0, 0, 14475, 0, 15052, 0, 0, 0, 0;0, 0, 0, 0, 0;14044, 0, 0, 30170, 0, 14509, 11127, 0, 11276;
0, 15123, 15123, 0, 14475, 0, 0;10003, 10080;10706;0;15077;0, 0, 14291, 14291;0, 0;15052, 0, 0, 15052;0;14794, 0;15002, 15052, 15052, 0;0;0, 0, 0;
0, 10106;15052, 15052, 10107, 10123;15012, 15052, 10007, 15039;
15052, 15123, 15123, 14667, 14667, 14475;
15631, 15092;0, 0, 0, 32295, 15631, 15092;0;15052;0;0;31027, 0;11006;14445, 0, 14445, 30742;30120;0, 11165, 0;30258, 31017, 0;14333, 14333;11128, 0, 0, 11057, 11057;30216, 30180;14032, 30192, 14544, 14545, 14333, 14366, 14544, 14333, 14301;30077, 30256, 30216, 30053;30262, 30017, 30017;30258;0;0, 30017, 0, 10086, 14436;0, 15012, 0;11379, 0, 0;30017, 15092, 15631;
0, 14785;0;0, 0;0, 0, 15039, 0;0, 0, 0, 0;0, 15631, 0, 15039, 0, 15631, 0, 0;15631, 0, 0;
0, 11036, 10091;0, 15094, 0, 0;14123, 14116, 14449, 14123, 15092;
11241, 11079, 11129;11327;
11129;10080, 10080;14442, 14475;0, 0;0, 14740, 14740, 14146, 10068;0, 14794, 0, 15590, 30248;0;
10107, 10719, 15060, 10107;15631, 15631, 0;15039, 15012;
0, 14461, 30248, 14461, 14177, 0;14810, 14036, 14036, 0, 0;0, 0;0, 0, 0, 0, 15094, 0;14160;
10154, 15052, 0, 0, 14794, 15012, 0, 0, 0, 30248, 0, 0, 10154, 15074;34074;30248;
14737, 14737, 14650, 15052, 15052;14727, 10714, 10062, 14727;14196, 15074, 14177;
0, 0, 0, 0, 0, 0, 0, 0, 0, 10080, 0, 14622;10060, 10007, 0, 0;0, 0, 0;0, 0, 0, 0, 0, 14678, 10060, 10045;0, 10045, 10060, 10060;0, 0, 0, 0;0;
14442, 0, 14196, 11129, 14121, 30248, 0, 10706, 14798, 14210, 15631, 0;0, 0, 15060, 0, 15074, 0, 30248, 11039, 14794, 0, 0;30248, 0, 0, 0, 0, 0, 0, 0, 0, 11032, 30248;0, 0, 0, 0;
30778, 0, 0, 0, 0, 0, 0, 0, 0, 0, 0, 0;0, 0, 0;
0, 0, 0, 0, 0, 15590;0, 0, 0, 0;11144, 14366;0, 0, 0;
15094, 0, 0, 0, 15011, 11129, 0, 15052, 30248, 34039, 14705, 14752;
0, 0, 0, 0, 0;30835, 0;0, 0, 0, 0, 15060, 0;15012, 15012, 0, 0;15012, 15094, 0, 0;
11224, 0, 0, 0, 11036, 11338, 11026;0, 0, 0, 0, 0, 0, 0;0, 15012, 15012, 14350, 14350, 0, 14350, 15012;0, 0, 0, 0, 15012, 15012, 10678, 15548, 15548, 0;15012, 15012, 15094, 0;
14160, 0;14049, 0, 0, 0;0;33056;0;
14564, 0, 0, 30027, 14350, 0, 30248, 15039, 14350, 14350;30248, 0, 0, 14650, 10106, 10106, 14356, 14362, 14356, 14356, 0, 14431, 14431, 14431, 0;0, 14224, 15094, 0, 30248, 14443, 14067, 0;
0, 0;0, 0, 0, 0, 15009, 0, 15067;
0, 0, 0, 0;15094;0, 0, 0;0, 0, 0, 0, 0;11225;14445, 14627, 14208, 14196, 0, 14444, 0, 14322;
15012, 15052, 0, 0, 0, 0, 14208, 0, 0, 14651, 0, 0, 0, 14191, 0, 14544, 0;14746, 0, 10710, 14785, 14168, 0, 10719, 0, 14366;14322, 14322, 14322, 14362, 0, 0, 0, 0, 14168;15094, 0, 14191, 14785;0, 15036;
0, 15052, 0;15631, 15631, 15094;15028;14043, 15052;
15012, 15012, 30248, 0, 0, 15012, 15012, 0, 0;15012, 15012, 15012, 15012;15012;15012;15012;15012, 15012;15012;15012, 15012;15012, 15012;15012;15012, 15012, 15012, 15012;0, 15012, 15012;15012, 14160;15012;
0, 0, 10719;0, 30017, 0, 0;0;14581, 14581, 14330, 14173;
0, 15066, 15066, 10007, 14376, 15063, 14127, 10724, 30833, 14726, 14556, 0;14355, 0, 10724, 10007, 10724, 14444, 15631;14355, 10064, 0, 10106, 10007, 15052, 10094, 11106, 0, 14355, 0;10107, 10007, 30310, 32151, 34214, 30559;
0, 10060, 10060;
30248, 14564, 0, 31148, 10086, 10086, 10703, 34122, 10703;15012, 0, 15012, 14442, 14442, 15012;14082, 0, 14809, 0, 14196, 14442, 15083, 10106, 10106, 10679, 15083, 0, 10703, 0, 14442, 10703, 14082, 14752, 14082, 14809, 14213, 30248;10086, 11258, 30192, 10086;
0, 0, 10107, 14160, 14032, 10703, 14449, 0, 10107, 14444, 14067, 0;0, 14703, 15052, 14069, 30269, 14279, 15052, 14069, 14177, 30248, 14313, 0, 14630, 0, 0;15094, 15052;
0, 32006, 14191, 14794, 15083;0, 15078, 15078, 0;15052, 15052, 30170, 14354, 15078, 15009, 0, 14330, 15094;14330, 0, 14191, 14213, 14249, 14810;0, 14231, 14475, 15073, 0, 0, 0, 0, 14173, 14794;14570, 10033, 10033, 14442, 14265, 15077, 10086, 0, 14442;15078, 14688, 0, 0, 15078, 15066, 0, 33009, 34214, 0, 33017, 0, 10069, 0, 14793, 30310, 30039, 14678, 0, 14022;
11224, 0, 0, 0;15052, 0, 0, 0, 30248, 15012;
15094, 15631, 15631, 0, 0;0, 15094, 15039, 15012;15012, 15094, 0;30798;0, 0, 0, 15012, 0, 0, 0;0, 0, 0, 0, 0, 0;0, 0, 0, 0, 0, 0, 0, 0, 0, 0, 0, 0, 0, 0, 0, 0, 15012, 0;15012, 15012;0, 15094, 0, 0, 0, 15052, 0, 0;0, 15012;0, 15052, 15052, 0;0;
33046, 33046, 10007;10007, 10086, 10086, 10706, 10706, 14742, 14742, 14742, 14742, 10106, 30248, 10701, 10701, 0, 0, 10106, 10701, 10701;0;10706, 10706, 0, 10106, 0, 30248, 0, 15123, 0;15653, 32381, 34129, 14241, 15653, 34129, 10706, 14622, 10706, 10706, 14742, 14742, 14742, 14742, 15123, 30248;
0, 0, 0, 0, 0, 0, 0, 0, 0, 10608;0, 0, 0;0, 0, 0, 15009, 15009, 0, 0, 0, 0, 0;0, 15038, 15039, 15012, 0, 0, 14119, 14267, 0;0, 0, 15039, 0, 0, 15039, 0, 0, 0, 31017, 0;0, 0, 0;
15015, 15015, 15015, 15015, 15015, 15015, 15015, 0, 0, 0, 30248, 15012, 15015;15092, 30248, 0, 0;0, 0, 15009, 14177, 0, 0;
15094, 0, 14322, 0, 14322, 15012, 0, 0, 0, 30248, 15009, 15009, 15009, 15009, 0, 0, 0;11146;14168, 15009, 30248, 15009, 15009, 10086, 14024, 0, 15009, 14322, 14322, 0, 0, 14678;15009, 15009, 15009;
10724, 10724;0, 15123, 15123, 0;14475;15653, 15653, 14678, 30734;
0, 0;30248, 15074, 15545, 0;15094, 0, 30248, 0, 0, 0;14174, 14174, 34078, 0;
30046, 30750, 10062;11140, 0, 15052;0, 14738;15012, 11046;14313;
14622, 0, 30248, 0, 0;15012, 30248, 15094, 0, 15094, 0, 0, 0, 10679, 0;10119, 10119;0, 0;0, 0, 0, 0, 0;0;
0, 15012, 15012;0, 0, 0, 14159, 30789;14196, 15073, 0;14333, 0, 14038, 0, 14233, 14442, 0, 14573, 11114, 0, 14338, 0, 14082, 0, 0;0, 0, 0, 0, 0;0, 0;0, 0, 0, 0, 0;15012, 14035, 0, 0, 15012, 14035;
0, 11106, 34074, 34122, 34122, 34039;15012, 30832, 0, 14354, 0, 15028, 0;0, 15011, 0;0, 0;10669, 15631;15039;
14208, 0;0, 0, 0;0, 0, 0, 0, 14362, 0;0, 0, 0, 0, 0, 0, 0;14678, 15590;0, 15009, 0, 0, 0, 14794, 11036, 15045, 0, 30248, 14794, 0, 0, 0, 0, 0, 0, 0;0, 0, 0;0, 0;14458, 30248, 14362, 14071, 14362, 14362, 14362, 14322;0, 30170, 0, 0;15012, 0, 0, 0, 15009, 0;11159, 14435;
0, 15011, 0, 0, 0, 0, 0, 14160, 30248, 0, 0, 0, 0, 0;0, 0, 0, 0, 0, 0, 0, 30742, 0, 30340, 0;0, 0;0, 30832, 30253, 0, 0, 0, 0, 0, 30248, 0, 0, 30192, 30564, 15012, 0, 0, 0, 0;0, 0, 0, 0, 14067, 0, 0, 0, 0, 0;15012, 15012, 0;0, 0, 0, 15631, 33046, 0;0, 0, 0, 0, 0, 0, 0, 0, 0, 0, 0;0, 0, 0, 0, 0, 30248, 0, 0, 0, 14035, 0, 0, 0, 0, 0, 14098, 30832, 0;0, 0, 0, 0, 0, 0, 0, 0, 0;0, 0, 0, 0, 0, 0, 0, 0, 0, 0;0, 0, 10062, 0, 30248, 0, 0, 0, 0, 0, 0, 0, 10161;0, 0, 0;0, 30248, 0, 0, 0, 0, 0, 0, 0, 0, 0, 0, 0;0, 0, 0, 0, 15052, 0;0, 14177, 0, 0, 14177, 0, 0, 0, 0, 0, 0, 30248, 14177, 0, 15066, 0;0, 0, 0, 0, 0, 0, 0, 0, 0, 0, 15052, 0, 0, 0, 0, 0;0, 0, 0, 0, 0, 0, 0, 0, 0, 30248, 14098, 0;0, 0, 14475, 0, 0, 0, 15590, 0, 14475, 14145, 14189, 14319, 15545, 14145, 0, 14805, 15092, 11327, 0, 14805, 0, 0, 34214;
15631, 15073, 15631, 14121, 15052, 15052, 15002;10198, 0, 14545, 11159, 30790, 14196, 10094, 30790, 10198, 14191;0, 10109, 14475, 14032, 0, 14455, 10109, 30248, 15094, 14460, 10706, 14460, 15052;14714, 10109;
0, 10124, 15632, 14821;30248, 14330, 14752, 0, 0, 0, 0, 0, 0, 0;14509, 15073, 0, 10637, 14372, 14044, 14322, 14622, 14197, 10637, 0, 30248, 0, 0, 14160, 15052;0, 0;14265, 14265, 0, 0, 0, 0, 0, 14265, 0, 15631, 0;0, 0, 0;10124, 10124, 0, 0, 14051, 10124, 10124;15632, 0, 0;11385, 11385, 0, 11385, 30248;0;14127, 14315, 30248, 14386, 14016, 14328, 14345;14509, 30248, 10637, 0, 14322, 10637, 14712, 10124, 14167, 10124, 0, 14622, 14167, 14622;0;
11337, 0;11148;0, 15052, 15038, 0, 15009, 15009, 10710, 30216, 0, 30248, 0, 30269, 0, 32402, 0, 14212, 15092;11221, 0;14112, 14110, 15092, 10632, 0, 14322, 0, 0, 15092, 10619, 0, 14838, 10632, 10632, 14236, 14236, 15094, 14001, 14354, 30248, 30248, 15052, 15009;0, 14810, 14421, 11093, 14177, 14366, 14032;
10107;15002, 10719, 15067;0, 0, 0;11114, 0, 0, 33033, 0, 0;11130;15009, 14208, 15012, 15094, 0, 14032, 14151, 15009, 14151;15011, 0, 0, 15012, 15012, 14545, 0, 10706, 11048, 0;0, 0, 10706, 15012, 14098;0, 14453, 15009;
0, 0, 14789, 14786, 0, 0, 14319, 0, 0, 15039;0, 15039;0, 0;0, 14301, 0, 14752, 14210, 0, 0, 0, 14686;0, 14039, 0, 11048;0, 0, 0, 0;0, 0;0, 0, 0, 0, 0, 0, 0;0, 0, 14362, 14362, 14196, 14362, 14196, 15049, 15083, 14196, 0, 0, 14267, 0, 14200, 30248, 0, 15037, 14362, 15083;
0, 15012, 10062, 14442, 14442, 15012, 0, 10133;10107, 15039, 10706;14789, 0;
0, 14573, 10012, 14330, 14126, 14579, 30170, 14573, 0, 14126;15052, 15039;0, 0, 0, 15094, 0, 15060, 15060, 10741, 30248, 10741;30248, 11227, 11204, 11154, 11091, 11265;14810, 14810, 14810, 14810, 14366, 0, 0;0, 0, 0, 14112;14810, 14810, 14810, 14160;
10706;0, 0;0, 0, 0, 0;0, 0, 0, 0, 14098;0, 0, 0, 15577;0;0, 0;0, 0;
0, 0;15094, 14265;0, 14807, 15094, 15012, 14241;0, 14031, 15012, 15012, 14322, 14322, 14322, 10094, 30248, 10713, 10094, 10706;
14322, 30248, 14789, 0, 14177, 0, 0, 0, 0, 0, 14102, 32133;14726, 14051, 15564, 14740, 31133, 15590, 30248, 14350;14677, 0, 15009, 15009, 15009, 15009;11301;15026, 14051, 11154, 14051, 14820, 15094, 14338;10211, 14148, 14330, 31133, 0, 15009, 30248, 0, 15094;15009, 14475, 15009, 0, 0, 14016, 30248;15590, 14016, 15009, 14268;0;10068, 10068, 15548, 34384, 15009, 15009;
15590;30248, 0, 0, 0, 15092, 0, 14313, 0, 0, 15052, 0;14236, 15066, 14460, 14442, 30248, 14160, 14020, 14740, 14020, 0;0, 0, 0, 11234, 14622, 0, 14622, 30248, 0;30017, 30170, 0, 30248, 0;
11301;14005, 0, 14177, 0, 0, 30248, 0, 14333, 0, 0, 14005, 14005, 14366, 14098;14157, 30170, 0, 0, 0, 0;14366, 11052, 14225, 0, 11026, 14265, 0, 0, 0, 11204, 0, 0, 30248;0, 0, 0, 0, 30248, 11114, 10710, 30248, 30248, 15012;0;
14803, 14179, 0, 15631, 15631, 15631, 15590;15631, 15094, 15631, 0, 15590;0, 10107;15012;
15012, 11067, 0, 0, 0;0, 10045, 10045, 0;0, 0, 0, 0;15012, 0, 0, 0;0, 0, 0, 0, 0, 0;0, 0;14098, 30216, 30216;30355, 30750;14507;14372, 15011, 0, 0, 0, 0, 11129, 0, 14067, 0, 0;33010;0, 0, 0;0;
0, 0, 0, 0, 0, 0, 0;0, 0, 0;0, 0, 15094, 0, 0, 0, 0, 0;10148;
15083, 15011;0, 10719, 10719, 0;0, 0;0, 0, 0, 0, 30170, 0, 14098, 0, 0;0, 0, 0, 0;
0, 10190, 14267, 30248, 0, 0, 15572, 15572, 14651, 0, 0, 14229;14743, 0, 0, 14200, 30248, 14038, 0, 0, 14224, 14366, 14098, 14601;15009, 15009, 15094, 14151, 14151, 0, 0, 14151, 14151, 14151, 30248;0, 14319, 0, 15545, 14615, 15564, 15585, 0, 0, 0;14322, 30248, 0;
0, 0, 0, 0;0, 0;0, 0;14008, 0, 0;0;
30833, 30833, 14803, 0, 14313, 30248, 0, 0;10086, 0, 30017, 0, 0, 0, 10107;0, 0, 30248, 0, 10164, 10164, 14665, 15631;
14570, 0, 0, 0;0, 0, 0, 0, 14747, 14069, 0, 0;0, 10106, 10624;0, 14268, 10086;30186, 30033, 14395, 30761, 30818, 30071, 30071;15038, 0, 15038;
0;0, 0, 0;0, 14212, 14265, 30170, 14265, 30248;14395, 14395;0, 30170;14098, 30186, 14265;
15045, 15009;0, 0, 15009, 15009, 0, 0;0, 15045, 15009, 30248, 15009, 15009, 15009;15009, 15009, 15009, 15009, 15009, 15009, 15009, 15009, 0, 14366, 15066;15045, 15009, 15009, 15009, 15009, 14425;15009, 15009, 0, 15009, 15009;15009, 15009, 15009, 15009;0, 0;
0, 30248, 0, 14442, 0, 15038, 15038, 0, 14281, 10080, 0, 14622, 10703, 10106, 10080, 14281, 14455;30248, 14080, 0, 0, 14281, 14573, 14784, 14133, 0, 14573, 14573, 14281;31017, 0, 15012, 10729, 0, 30248, 0, 10063, 30819, 10706, 0, 10729, 15012, 15012, 10069;14177, 10080, 30248, 15038, 15038;
15012, 0;0, 0, 0, 11338, 0, 0, 0;0, 10062, 0, 10007, 34001, 15546;11385, 11385, 14622, 14678, 11129, 14440, 11385, 14224;15094, 0, 10106, 15094, 14622, 14678, 0, 14622;
0;0, 10069, 0, 10069;0, 11151, 0;14354;15094, 15066, 0, 0;10062, 15094, 0;0, 0;10007, 10045, 0, 30248, 0, 15039, 0;0, 15094, 14436, 14354, 14354, 14354;14203, 15094, 15094, 15012, 0, 0;
0, 0;0;0;0, 0;0, 0;0;0, 30248, 14396, 0, 14033, 0;0;11048, 0, 0;0, 0;0, 0, 0;0, 0;14794, 10086, 0, 14455, 30248, 0, 15031, 0, 0;0;
10080, 0, 0, 10107, 10107, 10080, 10080, 10007, 14110, 10007, 0, 30248, 10007, 14110;0, 0, 0, 14110;
15012, 0, 0;0, 0, 0;14630, 14682;15012, 15052, 0;0, 15052, 14245, 0;
0, 0;0;0, 0, 0;0;
0, 0, 15011, 15632, 15011, 30248, 14067, 14082, 10124, 0, 10719, 15052;0, 0;
0, 0, 0, 0, 0;0, 0;0;0, 0, 0;15094, 0, 0;0, 0;0;14008, 14008, 14126, 0, 14008, 14366;
15012, 14678, 0;0, 0, 30734, 15012, 30789;14112, 15067, 0, 0, 0, 30248, 14212, 15074, 14145, 30216;15052, 14475;15039, 15012;15012, 15012;0, 0, 15009, 11026, 11026, 11036, 0;34039, 34764;14238;11129;
0, 0, 0, 0, 10066, 10066, 0, 0, 10637, 15042, 0, 0;0, 0, 15631, 0, 0, 0, 0, 0, 0, 0, 0, 0;10066;
10107, 0, 10069;10086, 0, 30248;30742, 15039, 14179;15052;30248, 14539, 10107, 14179, 14307;14386, 32295, 0;10211, 0, 15057, 15052, 15052, 30248, 10015, 15094;15052, 0, 0, 0, 15009, 0, 0, 15631;
0, 15094, 15094, 15094, 15012;0, 15094, 0;15590, 15012, 0;15009, 15009, 15094, 15009;0, 0, 0, 0;0, 0, 15094;15094, 14268, 14455;
0, 15092, 14102, 10045, 14362, 14362, 14444, 30248, 15011, 14071, 14281, 14665, 14442, 14622, 15632, 0, 14102, 11258, 11154, 15039, 14444, 10045, 14322;0, 14104, 14104, 14104, 0, 15060, 15067, 0, 14794, 14622, 14732, 30248, 14622;14092, 30248, 14092, 14313, 15066, 14001, 15052, 14177, 15066, 14177;0, 0, 10045, 15001, 0, 15094, 15092, 15052, 15094, 30248, 10706, 0;30248, 15001, 15001, 0, 15012, 15001, 15012;10637, 0;
0, 0, 0, 0;14098, 15036, 15094;0, 0, 0, 0, 0, 10097, 0, 0;0, 0, 14357, 14810;0, 0;
